----BEGIN SIMULATION RESULTS----
Scenario: sim_data.csv
| Scenario File | Current Balance | Mean #UTXO | Current #UTXO | #Deposits | #Inputs Spent | #Withdraws | #Uneconomical outputs spent | #Change Created | #Changeless | Min Change Value | Max Change Value | Mean Change Value | Std. Dev. of Change Value | Total Fees | Mean Fees per Withdraw | Cost to Empty | Total Cost | Min Input Size | Max Input Size | Mean Input Size | Std. Dev. of Input Size | BnB Usage | SRD Usage | Knapsack Usage | #BnB no change | #SRD no change | #Knapsack no change |
| sim_data.csv | 0.10000000 | 0 | 1 | 0 | 0 | 0 | 0 | 0 | 0 | 0 | 0 | 0 | 0 | 0 | 0 | -6.80000000E-7 | -6.80000000E-7 | 0 | 0 | 0 | 0 | 0 | 0 | 0 | 0 | 0 | 0 |
| sim_data.csv | 636.12006450 | 48.4600000000 | 86 | 179 | 393 | 321 | 0 | 299 | 22 | 0.00007303 | 215.84274798 | 10.1343225888 | 42.0271424056 | 0.04800116 | 0.000149536323988 | -0.0000584800000 | 0.0479426800000 | 1 | 14 | 1.22429906542 | 1.04560160208 | 22 | 82 | 217 | 22 | 0 | 0 |
| sim_data.csv | 626.47610212 | 93.7860000000 | 179 | 341 | 779 | 659 | 0 | 616 | 43 | 0.00005804 | 215.84274798 | 26.4451963537 | 63.8014187932 | 0.08272225 | 0.000125526934750 | -0.000121720000 | 0.082600530000 | 1 | 14 | 1.18209408194 | 0.785650863863 | 43 | 227 | 389 | 43 | 0 | 0 |
| sim_data.csv | 683.25101575 | 132.702000000 | 228 | 511 | 1173 | 989 | 0 | 889 | 100 | 0.00005804 | 215.84274798 | 23.3296152953 | 59.3572951384 | 0.11376332 | 0.000115028634985 | -0.000155040000 | 0.113608280000 | 1 | 14 | 1.18604651163 | 0.704071043483 | 100 | 390 | 499 | 100 | 0 | 0 |
| sim_data.csv | 201.74479883 | 154.878500000 | 216 | 671 | 1634 | 1329 | 0 | 1178 | 151 | 0.00005804 | 249.36561387 | 22.9790884798 | 59.4251448871 | 0.14210258 | 0.000106924439428 | -0.000146880000 | 0.141955700000 | 1 | 14 | 1.22949586155 | 0.761954803226 | 151 | 606 | 572 | 151 | 0 | 0 |
| sim_data.csv | 123.56062454 | 165.425200000 | 224 | 840 | 2084 | 1660 | 0 | 1467 | 193 | 0.00005804 | 249.36561387 | 26.3601735312 | 61.3670144050 | 0.16963833 | 0.000102191765060 | -0.000152320000 | 0.169486010000 | 1 | 14 | 1.25542168675 | 0.814168240933 | 193 | 710 | 757 | 193 | 0 | 0 |
| sim_data.csv | 90.96288586 | 177.790000000 | 258 | 1016 | 2511 | 1984 | 0 | 1752 | 232 | 0.00005677 | 249.36561387 | 25.5825971833 | 57.9661611003 | 0.19333287 | 0.0000974460030242 | -0.000175440000 | 0.193157430000 | 1 | 16 | 1.265625 | 0.884395917950 | 232 | 825 | 927 | 232 | 0 | 0 |
| sim_data.csv | 199.97820744 | 187.244285714 | 170 | 1192 | 3063 | 2308 | 0 | 2040 | 268 | 0.00005677 | 249.36561387 | 22.8219817754 | 54.3328917096 | 0.21657901 | 0.0000938383925477 | -0.000115600000 | 0.216463410000 | 1 | 96 | 1.32712305026 | 2.18340095890 | 268 | 950 | 1090 | 268 | 0 | 0 |
| sim_data.csv | 158.82807803 | 183.741250000 | 167 | 1360 | 3554 | 2640 | 0 | 2360 | 280 | 0.00005677 | 249.36561387 | 20.7592456072 | 51.1068113701 | 0.23319546 | 0.0000883316136364 | -0.000113560000 | 0.233081900000 | 1 | 96 | 1.34621212121 | 2.53221473255 | 280 | 968 | 1392 | 280 | 0 | 0 |
| sim_data.csv | 8.91070033 | 184.163111111 | 27 | 1526 | 4161 | 2974 | 0 | 2661 | 313 | 0.00003709 | 249.36561387 | 19.1820659311 | 48.4662944480 | 0.24746654 | 0.00008321 | -0.0000183600000 | 0.247448180000 | 1 | 96 | 1.39912575656 | 3.02068425626 | 313 | 989 | 1672 | 313 | 0 | 0 |
| sim_data.csv | 13.03976619 | 172.542600000 | 137 | 1705 | 4541 | 3295 | 0 | 2972 | 323 | 0.00003709 | 249.36561387 | 17.3495714622 | 46.1742893727 | 0.25474631 | 0.0000773129924127 | -0.0000931600000 | 0.254653150000 | 1 | 96 | 1.37814871017 | 2.89173322428 | 323 | 997 | 1975 | 323 | 0 | 0 |
| sim_data.csv | 5.42863656 | 165.336000000 | 12 | 1878 | 5105 | 3622 | 0 | 3238 | 384 | 0.00003709 | 249.36561387 | 16.1157778523 | 44.4326441035 | 0.25971279 | 0.0000717042490337 | -0.00000816000000 | 0.259704630000 | 1 | 96 | 1.40944229707 | 2.83456186664 | 384 | 1005 | 2233 | 384 | 0 | 0 |
| sim_data.csv | 5.00404057 | 152.178000000 | 8 | 2074 | 5608 | 3925 | 0 | 3541 | 384 | 0.00003709 | 249.36561387 | 14.7853952507 | 42.7112057388 | 0.26277720 | 0.0000669496050955 | -0.00000544000000 | 0.262771760000 | 1 | 96 | 1.42878980892 | 2.73103444160 | 384 | 1036 | 2505 | 384 | 0 | 0 |
| sim_data.csv | 2.89488822 | 141.920615385 | 17 | 2243 | 6094 | 4256 | 0 | 3867 | 389 | 0.00003709 | 249.36561387 | 13.5870544231 | 41.0617165709 | 0.27324172 | 0.0000642015319549 | -0.0000115600000 | 0.273230160000 | 1 | 96 | 1.43186090226 | 2.64394035523 | 389 | 1065 | 2802 | 389 | 0 | 0 |
| sim_data.csv | 0.87752678 | 133.457000000 | 9 | 2418 | 6594 | 4581 | 0 | 4184 | 397 | 0.00003709 | 249.36561387 | 12.8914987276 | 39.5881009848 | 0.27760274 | 0.0000605987208033 | -0.00000612000000 | 0.277596620000 | 1 | 96 | 1.43942370661 | 2.59468890187 | 397 | 1088 | 3096 | 397 | 0 | 0 |
| sim_data.csv | 282.90888843 | 128.304800000 | 116 | 2572 | 6981 | 4927 | 0 | 4524 | 403 | 0.00003709 | 249.36561387 | 12.4081156469 | 38.4945409487 | 0.32731779 | 0.0000664334869089 | -0.0000788800000 | 0.327238910000 | 1 | 96 | 1.41688654354 | 2.50568638885 | 403 | 1148 | 3376 | 403 | 0 | 0 |
| sim_data.csv | 343.09532938 | 127.688125000 | 110 | 2735 | 7431 | 5264 | 0 | 4805 | 459 | 0.00003709 | 270.28991620 | 12.0371432124 | 37.8052152409 | 0.35674987 | 0.0000677716318389 | -0.0000748000000 | 0.356675070000 | 1 | 96 | 1.41166413374 | 2.43279121184 | 459 | 1323 | 3482 | 459 | 0 | 0 |
| sim_data.csv | 265.71775714 | 128.009529412 | 158 | 2892 | 7832 | 5607 | 0 | 5097 | 510 | 0.00003709 | 270.28991620 | 14.8937704180 | 46.3705285149 | 0.38283824 | 0.0000682786231496 | -0.000107440000 | 0.382730800000 | 1 | 96 | 1.39682539683 | 2.36320586735 | 510 | 1440 | 3657 | 510 | 0 | 0 |
| sim_data.csv | 19.93570657 | 129.020666667 | 155 | 3064 | 8288 | 5935 | 0 | 5378 | 557 | 0.00003709 | 270.28991620 | 15.1632858440 | 47.2793437356 | 0.40608197 | 0.0000684215619208 | -0.000105400000 | 0.405976570000 | 1 | 96 | 1.39646166807 | 2.30750762841 | 557 | 1620 | 3758 | 557 | 0 | 0 |
| sim_data.csv | 4.28019687 | 126.409473684 | 13 | 3230 | 8873 | 6269 | 0 | 5655 | 614 | 0.00003709 | 270.28991620 | 14.4494183258 | 46.2142495267 | 0.41457974 | 0.0000661317179773 | -0.00000884000000 | 0.414570900000 | 1 | 96 | 1.41537725315 | 2.32197534463 | 614 | 1644 | 4011 | 614 | 0 | 0 |
| sim_data.csv | 39.48097568 | 121.084100000 | 25 | 3404 | 9339 | 6595 | 0 | 5959 | 636 | 0.00003709 | 270.28991620 | 13.8384357636 | 45.1219105534 | 0.42102627 | 0.0000638402228961 | -0.0000170000000 | 0.421009270000 | 1 | 96 | 1.41607278241 | 2.28040060431 | 636 | 1696 | 4263 | 636 | 0 | 0 |
| sim_data.csv | 27.17700641 | 118.891238095 | 127 | 3570 | 9722 | 6929 | 0 | 6278 | 651 | 0.00003709 | 270.28991620 | 13.4473163824 | 44.0254841670 | 0.42682840 | 0.0000616002886419 | -0.0000863600000 | 0.426742040000 | 1 | 96 | 1.40308846875 | 2.23629950915 | 651 | 1716 | 4562 | 651 | 0 | 0 |
| sim_data.csv | 19.55613195 | 119.916363636 | 204 | 3730 | 10124 | 7269 | 0 | 6597 | 672 | 0.00003709 | 270.28991620 | 13.1051124410 | 42.9852427390 | 0.43266380 | 0.0000595217774109 | -0.000138720000 | 0.432525080000 | 1 | 96 | 1.39276379144 | 2.19601064772 | 672 | 1729 | 4868 | 672 | 0 | 0 |
| sim_data.csv | 18.12217746 | 119.444521739 | 23 | 3897 | 10726 | 7602 | 0 | 6851 | 751 | 0.00003709 | 270.28991620 | 12.6256791936 | 42.2515166433 | 0.43947493 | 0.0000578104354117 | -0.0000156400000 | 0.439459290000 | 1 | 96 | 1.41094448829 | 2.17973496017 | 751 | 1753 | 5098 | 751 | 0 | 0 |
| sim_data.csv | 15.53292613 | 116.022911615 | 38 | 4065 | 11147 | 7893 | 0 | 7119 | 774 | 0.00003709 | 270.28991620 | 12.1733817628 | 41.5118773018 | 0.44470837 | 0.0000563421221335 | -0.0000258400000 | 0.444682530000 | 1 | 96 | 1.41226403142 | 2.16010493382 | 774 | 1778 | 5341 | 774 | 0 | 0 |
----END SIMULATION RESULTS----


