----BEGIN SIMULATION RESULTS----
Scenario: sim_data.csv
| Scenario File | Current Balance | Mean #UTXO | Current #UTXO | #Deposits | #Inputs Spent | #Withdraws | #Uneconomical outputs spent | #Change Created | #Changeless | Min Change Value | Max Change Value | Mean Change Value | Std. Dev. of Change Value | Total Fees | Mean Fees per Withdraw | Cost to Empty | Total Cost | Min Input Size | Max Input Size | Mean Input Size | Std. Dev. of Input Size | BnB Usage | SRD Usage | Knapsack Usage | #BnB no change | #SRD no change | #Knapsack no change |
| sim_data.csv | 0.10000000 | 0 | 1 | 0 | 0 | 0 | 0 | 0 | 0 | 0 | 0 | 0 | 0 | 0 | 0 | -6.80000000E-7 | -6.80000000E-7 | 0 | 0 | 0 | 0 | 0 | 0 | 0 | 0 | 0 | 0 |
| sim_data.csv | 636.11975680 | 48.2060000000 | 103 | 179 | 389 | 321 | 0 | 312 | 9 | 0.00450687 | 217.38545686 | 17.8122950750 | 54.7200852995 | 0.04830886 | 0.000150494890966 | -0.0000700400000 | 0.0482388200000 | 1 | 18 | 1.21183800623 | 1.17472738270 | 9 | 79 | 233 | 9 | 0 | 0 |
| sim_data.csv | 626.47621508 | 100.183000000 | 218 | 341 | 762 | 659 | 0 | 638 | 21 | 0.00450687 | 217.38545686 | 29.1495564961 | 66.4618003579 | 0.08260929 | 0.000125355523520 | -0.000148240000 | 0.082461050000 | 1 | 18 | 1.15629742033 | 0.865499983499 | 21 | 231 | 407 | 21 | 0 | 0 |
| sim_data.csv | 683.25227650 | 157.657333333 | 317 | 511 | 1123 | 989 | 0 | 928 | 61 | 0.00450687 | 217.38545686 | 34.7847793027 | 68.5060035257 | 0.11250257 | 0.000113753862487 | -0.000215560000 | 0.112287010000 | 1 | 18 | 1.13549039434 | 0.733691988760 | 61 | 308 | 620 | 61 | 0 | 0 |
| sim_data.csv | 201.74636743 | 196.790000000 | 286 | 671 | 1581 | 1329 | 0 | 1195 | 134 | 0.00450687 | 225.16441665 | 32.1842023992 | 66.4422681706 | 0.14053398 | 0.000105744153499 | -0.000194480000 | 0.140339500000 | 1 | 18 | 1.18961625282 | 0.748601459253 | 134 | 448 | 747 | 134 | 0 | 0 |
| sim_data.csv | 123.56118796 | 209.418000000 | 241 | 840 | 2065 | 1660 | 0 | 1465 | 195 | 0.00450687 | 225.16441665 | 31.5499987698 | 64.4428173306 | 0.16907491 | 0.000101852355422 | -0.000163880000 | 0.168911030000 | 1 | 18 | 1.24397590361 | 0.815828108571 | 195 | 597 | 868 | 195 | 0 | 0 |
| sim_data.csv | 90.96251650 | 215.427333333 | 259 | 1016 | 2508 | 1984 | 0 | 1750 | 234 | 0.00450687 | 225.16441665 | 27.7968353063 | 60.1763152964 | 0.19370223 | 0.0000976321723790 | -0.000176120000 | 0.193526110000 | 1 | 18 | 1.26411290323 | 0.850856066408 | 234 | 738 | 1012 | 234 | 0 | 0 |
| sim_data.csv | 199.97693886 | 223.519428571 | 152 | 1192 | 3094 | 2308 | 0 | 2053 | 255 | 0.00450687 | 225.16441665 | 25.0897892211 | 56.2129454974 | 0.21784759 | 0.0000943880372617 | -0.000103360000 | 0.217744230000 | 1 | 100 | 1.34055459272 | 2.56821322222 | 255 | 838 | 1215 | 255 | 0 | 0 |
| sim_data.csv | 158.82656209 | 215.178750000 | 117 | 1360 | 3617 | 2640 | 0 | 2373 | 267 | 0.00450687 | 225.16441665 | 24.1514333028 | 53.0098110342 | 0.23471140 | 0.0000889058333333 | -0.0000795600000 | 0.234631840000 | 1 | 100 | 1.37007575758 | 2.93296560230 | 267 | 869 | 1504 | 267 | 0 | 0 |
| sim_data.csv | 8.90949592 | 206.349111111 | 21 | 1526 | 4180 | 2974 | 0 | 2674 | 300 | 0.00450687 | 225.16441665 | 23.2380715356 | 50.3000050613 | 0.24867095 | 0.0000836149798252 | -0.0000142800000 | 0.248656670000 | 1 | 100 | 1.40551445864 | 3.11474416313 | 300 | 908 | 1766 | 300 | 0 | 0 |
| sim_data.csv | 13.03825770 | 190.395800000 | 97 | 1705 | 4591 | 3295 | 0 | 2982 | 313 | 0.00010949 | 225.16441665 | 21.1875838639 | 48.0256885502 | 0.25625480 | 0.0000777708042489 | -0.0000659600000 | 0.256188840000 | 1 | 100 | 1.39332321700 | 2.99778571950 | 313 | 932 | 2050 | 313 | 0 | 0 |
| sim_data.csv | 5.42730026 | 182.643272727 | 17 | 1878 | 5130 | 3622 | 0 | 3268 | 354 | 0.00010949 | 225.16441665 | 19.4989920270 | 46.2021387224 | 0.26104909 | 0.0000720731888459 | -0.0000115600000 | 0.261037530000 | 1 | 100 | 1.41634456102 | 2.92869095507 | 354 | 961 | 2307 | 354 | 0 | 0 |
| sim_data.csv | 4.98790639 | 168.061000000 | 8 | 2074 | 5637 | 3925 | 0 | 3570 | 355 | 0.00010949 | 225.16441665 | 17.8934054757 | 44.5191262977 | 0.26412021 | 0.0000672917732484 | -0.00000544000000 | 0.264114770000 | 1 | 100 | 1.43617834395 | 2.82171853362 | 355 | 992 | 2578 | 355 | 0 | 0 |
| sim_data.csv | 2.87876858 | 156.750307692 | 18 | 2243 | 6122 | 4256 | 0 | 3896 | 360 | 0.00010949 | 225.16441665 | 16.4531292299 | 42.8820803286 | 0.27457019 | 0.0000645136724624 | -0.0000122400000 | 0.274557950000 | 1 | 100 | 1.43843984962 | 2.73024885513 | 360 | 1042 | 2854 | 360 | 0 | 0 |
| sim_data.csv | 0.86132643 | 147.449000000 | 8 | 2418 | 6628 | 4581 | 0 | 4217 | 364 | 0.00010949 | 225.16441665 | 15.5255318406 | 41.3796820979 | 0.27901192 | 0.0000609063348614 | -0.00000544000000 | 0.279006480000 | 1 | 100 | 1.44684566688 | 2.70162117430 | 364 | 1070 | 3147 | 364 | 0 | 0 |
| sim_data.csv | 282.89242891 | 140.945066667 | 95 | 2572 | 7035 | 4927 | 0 | 4557 | 370 | 0.00002153 | 225.16441665 | 15.0926622752 | 40.4830866917 | 0.32898614 | 0.0000667721006698 | -0.0000646000000 | 0.328921540000 | 1 | 100 | 1.42784655977 | 2.63291030943 | 370 | 1156 | 3401 | 370 | 0 | 0 |
| sim_data.csv | 343.07820870 | 137.219500000 | 75 | 2735 | 7498 | 5264 | 0 | 4837 | 427 | 0.00002153 | 225.16441665 | 14.7150283525 | 39.6809806031 | 0.35907938 | 0.0000682141679331 | -0.0000510000000 | 0.359028380000 | 1 | 100 | 1.42439209726 | 2.55659512159 | 427 | 1322 | 3515 | 427 | 0 | 0 |
| sim_data.csv | 265.70028834 | 134.772823529 | 118 | 2892 | 7907 | 5607 | 0 | 5132 | 475 | 0.00002153 | 273.32066380 | 15.9123617471 | 44.1511288876 | 0.38551587 | 0.0000687561744248 | -0.0000802400000 | 0.385435630000 | 1 | 100 | 1.41020153380 | 2.48213511575 | 475 | 1529 | 3603 | 475 | 0 | 0 |
| sim_data.csv | 19.91882106 | 134.345222222 | 149 | 3064 | 8339 | 5935 | 0 | 5423 | 512 | 0.00002153 | 273.32066380 | 18.6773291430 | 49.5415229484 | 0.40817631 | 0.0000687744414490 | -0.000101320000 | 0.408074990000 | 1 | 100 | 1.40505475990 | 2.42307496264 | 512 | 1633 | 3790 | 512 | 0 | 0 |
| sim_data.csv | 4.26344020 | 131.944526316 | 14 | 3230 | 8918 | 6269 | 0 | 5701 | 568 | 0.00001148 | 273.32066380 | 17.7946312188 | 48.4761393894 | 0.41654524 | 0.0000664452448556 | -0.00000952000000 | 0.416535720000 | 1 | 100 | 1.42255543149 | 2.39940067308 | 568 | 1688 | 4013 | 568 | 0 | 0 |
| sim_data.csv | 39.46425543 | 126.305400000 | 20 | 3404 | 9392 | 6595 | 0 | 6007 | 588 | 0.00001148 | 273.32066380 | 16.9912175468 | 47.3636862813 | 0.42295535 | 0.0000641327293404 | -0.0000136000000 | 0.422941750000 | 1 | 100 | 1.42410917362 | 2.35970516559 | 588 | 1731 | 4276 | 588 | 0 | 0 |
| sim_data.csv | 27.16000449 | 122.580380952 | 83 | 3570 | 9811 | 6929 | 0 | 6323 | 606 | 0.00001148 | 273.32066380 | 16.7940479095 | 46.2177908800 | 0.42903915 | 0.0000619193462260 | -0.0000564400000 | 0.428982710000 | 1 | 100 | 1.41593303507 | 2.32819849378 | 606 | 1748 | 4575 | 606 | 0 | 0 |
| sim_data.csv | 19.53888360 | 120.659272727 | 121 | 3730 | 10253 | 7269 | 0 | 6643 | 626 | 0.00001148 | 273.32066380 | 16.6017919180 | 45.1187931780 | 0.43512098 | 0.0000598598129041 | -0.0000822800000 | 0.435038700000 | 1 | 100 | 1.41051038657 | 2.29320971902 | 626 | 1775 | 4868 | 626 | 0 | 0 |
| sim_data.csv | 18.10563791 | 120.522086957 | 96 | 3897 | 10741 | 7602 | 0 | 6939 | 663 | 0.00001148 | 273.32066380 | 16.0026927874 | 44.2426922709 | 0.44122331 | 0.0000580404248882 | -0.0000652800000 | 0.441158030000 | 1 | 100 | 1.41291765325 | 2.29208012441 | 663 | 1788 | 5151 | 663 | 0 | 0 |
| sim_data.csv | 15.51592855 | 118.283635755 | 26 | 4065 | 11236 | 7893 | 0 | 7196 | 697 | 0.00001148 | 273.32066380 | 15.4558271243 | 43.5390959423 | 0.44691478 | 0.0000566216622324 | -0.0000176800000 | 0.446897100000 | 1 | 100 | 1.42353984543 | 2.27391570594 | 697 | 1809 | 5387 | 697 | 0 | 0 |
----END SIMULATION RESULTS----


