----BEGIN SIMULATION RESULTS----
Scenario: ../../coin-selection-simulation/scenarios/bustabit-2019-2020-tiny.csv
| Scenario File | Current Balance | Mean #UTXO | Current #UTXO | #Deposits | #Inputs Spent | #Withdraws | #Uneconomical outputs spent | #Change Created | #Changeless | Min Change Value | Max Change Value | Mean Change Value | Std. Dev. of Change Value | Total Fees | Mean Fees per Withdraw | Cost to Empty | Total Cost | Min Input Size | Max Input Size | Mean Input Size | Std. Dev. of Input Size | BnB Usage | SRD Usage | Knapsack Usage | #BnB no change | #SRD no change | #Knapsack no change |
| ../../coin-selection-simulation/scenarios/bustabit-2019-2020-tiny.csv | 0.10000000 | 0 | 1 | 0 | 0 | 0 | 0 | 0 | 0 | 0 | 0 | 0 | 0 | 0 | 0 | -6.80000000E-7 | -6.80000000E-7 | 0 | 0 | 0 | 0 | 0 | 0 | 0 | 0 | 0 | 0 |
| ../../coin-selection-simulation/scenarios/bustabit-2019-2020-tiny.csv | 0.31846168 | 27.7760000000 | 33 | 267 | 429 | 233 | 0 | 194 | 39 | 0.00054050 | 0.12565530 | 0.0239058660309 | 0.0283486694750 | 0.01448182 | 0.0000621537339056 | -0.0000224400000 | 0.0144593800000 | 1 | 15 | 1.84120171674 | 1.85825797121 | 39 | 194 | 0 | 39 | 0 | 0 |
| ../../coin-selection-simulation/scenarios/bustabit-2019-2020-tiny.csv | 9.11176034 | 60.6620000000 | 181 | 594 | 742 | 406 | 0 | 328 | 78 | 0.00054050 | 8.78496593 | 0.182687168933 | 0.542202728960 | 0.03162552 | 0.0000778953694581 | -0.000123080000 | 0.031502440000 | 1 | 15 | 1.82758620690 | 1.98757314299 | 78 | 328 | 0 | 78 | 0 | 0 |
| ../../coin-selection-simulation/scenarios/bustabit-2019-2020-tiny.csv | 12.43899770 | 122.378666667 | 352 | 961 | 1028 | 539 | 0 | 418 | 121 | 0.00054050 | 8.78496593 | 0.347841055335 | 0.664957688001 | 0.04208958 | 0.0000780882745826 | -0.000239360000 | 0.041850220000 | 1 | 15 | 1.90723562152 | 2.16827487878 | 121 | 418 | 0 | 121 | 0 | 0 |
| ../../coin-selection-simulation/scenarios/bustabit-2019-2020-tiny.csv | 25.85468290 | 186.625 | 326 | 1318 | 1470 | 682 | 0 | 477 | 205 | 0.00054050 | 8.78496593 | 0.316777428302 | 0.630162091082 | 0.05352125 | 0.0000784769061584 | -0.000221680000 | 0.053299570000 | 1 | 40 | 2.15542521994 | 2.88383130668 | 205 | 477 | 0 | 205 | 0 | 0 |
| ../../coin-selection-simulation/scenarios/bustabit-2019-2020-tiny.csv | 30.87394581 | 208.264000000 | 270 | 1682 | 1946 | 818 | 0 | 533 | 285 | 0.00054050 | 9.99898681 | 0.317930832814 | 0.760598068850 | 0.06663067 | 0.0000814555867971 | -0.000183600000 | 0.066447070000 | 1 | 80 | 2.37897310513 | 4.12273725446 | 285 | 533 | 0 | 285 | 0 | 0 |
| ../../coin-selection-simulation/scenarios/bustabit-2019-2020-tiny.csv | 31.94230259 | 214.036000000 | 231 | 2010 | 2395 | 990 | 0 | 615 | 375 | 0.00054050 | 9.99898681 | 0.284477229415 | 0.714680277247 | 0.08476022 | 0.0000856163838384 | -0.000157080000 | 0.084603140000 | 1 | 80 | 2.41919191919 | 3.87168238926 | 375 | 615 | 0 | 375 | 0 | 0 |
| ../../coin-selection-simulation/scenarios/bustabit-2019-2020-tiny.csv | 84.81666595 | 225.832857143 | 401 | 2421 | 2670 | 1079 | 0 | 649 | 430 | 0.00054050 | 9.99898681 | 0.274945151988 | 0.698554617735 | 0.09595521 | 0.0000889297590361 | -0.000272680000 | 0.095682530000 | 1 | 80 | 2.47451343837 | 3.78075503640 | 430 | 649 | 0 | 430 | 0 | 0 |
| ../../coin-selection-simulation/scenarios/bustabit-2019-2020-tiny.csv | 162.26627557 | 260.942750000 | 586 | 2827 | 2932 | 1173 | 0 | 690 | 483 | 0.00054050 | 9.99898681 | 0.279127166812 | 0.684315239670 | 0.10601850 | 0.0000903823529412 | -0.000398480000 | 0.105620020000 | 1 | 80 | 2.49957374254 | 3.68874889615 | 483 | 690 | 0 | 483 | 0 | 0 |
| ../../coin-selection-simulation/scenarios/bustabit-2019-2020-tiny.csv | 316.56214722 | 307.827111111 | 841 | 3232 | 3132 | 1268 | 0 | 740 | 528 | 0.00054050 | 9.99898681 | 0.292337061338 | 0.756763437778 | 0.11411764 | 0.0000899981388013 | -0.000571880000 | 0.113545760000 | 1 | 80 | 2.47003154574 | 3.57972246731 | 528 | 740 | 0 | 528 | 0 | 0 |
| ../../coin-selection-simulation/scenarios/bustabit-2019-2020-tiny.csv | 312.71667051 | 364.210800000 | 931 | 3588 | 3484 | 1412 | 0 | 826 | 586 | 0.00054050 | 9.99898681 | 0.300847007264 | 0.726387422217 | 0.13024866 | 0.0000922440934844 | -0.000633080000 | 0.129615580000 | 1 | 80 | 2.46742209632 | 3.45934179477 | 586 | 826 | 0 | 586 | 0 | 0 |
| ../../coin-selection-simulation/scenarios/bustabit-2019-2020-tiny.csv | 370.32757764 | 423.500545455 | 1078 | 3962 | 3786 | 1538 | 0 | 901 | 637 | 0.00054050 | 9.99898681 | 0.301828188246 | 0.702840759909 | 0.14315949 | 0.0000930815929779 | -0.000733040000 | 0.142426450000 | 1 | 80 | 2.46163849155 | 3.37315328603 | 637 | 901 | 0 | 637 | 0 | 0 |
| ../../coin-selection-simulation/scenarios/bustabit-2019-2020-tiny.csv | 369.74957366 | 480.535166667 | 1156 | 4303 | 4129 | 1697 | 0 | 981 | 716 | 0.00054050 | 9.99898681 | 0.320984037238 | 0.712513581395 | 0.16182207 | 0.0000953577312905 | -0.000786080000 | 0.161035990000 | 1 | 80 | 2.43311726576 | 3.24642935291 | 716 | 981 | 0 | 716 | 0 | 0 |
| ../../coin-selection-simulation/scenarios/bustabit-2019-2020-tiny.csv | 422.06969077 | 537.282153846 | 1305 | 4678 | 4418 | 1822 | 0 | 1044 | 778 | 0.00054050 | 9.99898681 | 0.328150663400 | 0.701866082937 | 0.17354054 | 0.0000952472777168 | -0.000887400000 | 0.172653140000 | 1 | 80 | 2.42480790340 | 3.17849019750 | 778 | 1044 | 0 | 778 | 0 | 0 |
| ../../coin-selection-simulation/scenarios/bustabit-2019-2020-tiny.csv | 462.24246068 | 593.327571429 | 1349 | 5022 | 4803 | 1978 | 0 | 1129 | 849 | 0.00054050 | 9.99898681 | 0.334549958361 | 0.688367016418 | 0.18397400 | 0.0000930101112235 | -0.000917320000 | 0.183056680000 | 1 | 80 | 2.42821031345 | 3.11102156320 | 849 | 1129 | 0 | 849 | 0 | 0 |
| ../../coin-selection-simulation/scenarios/bustabit-2019-2020-tiny.csv | 448.10191023 | 647.905866667 | 1463 | 5373 | 5128 | 2127 | 0 | 1217 | 910 | 0.00054050 | 9.99898681 | 0.341881553747 | 0.679518837395 | 0.20358856 | 0.0000957162952515 | -0.000994840000 | 0.202593720000 | 1 | 80 | 2.41090738129 | 3.05598951929 | 910 | 1217 | 0 | 910 | 0 | 0 |
| ../../coin-selection-simulation/scenarios/bustabit-2019-2020-tiny.csv | 440.07400848 | 697.304750000 | 1469 | 5662 | 5551 | 2338 | 0 | 1357 | 981 | 0.00054050 | 9.99898681 | 0.336429942587 | 0.652965760015 | 0.22170879 | 0.0000948283960650 | -0.000998920000 | 0.220709870000 | 1 | 80 | 2.37425149701 | 2.96878136446 | 981 | 1357 | 0 | 981 | 0 | 0 |
| ../../coin-selection-simulation/scenarios/bustabit-2019-2020-tiny.csv | 448.54545392 | 743.636705882 | 1505 | 5993 | 5952 | 2507 | 0 | 1463 | 1044 | 0.00054050 | 9.99898681 | 0.333899372269 | 0.635495589723 | 0.23134605 | 0.0000922800358995 | -0.00102340000 | 0.23032265000 | 1 | 80 | 2.37415237335 | 2.93281003990 | 1044 | 1463 | 0 | 1044 | 0 | 0 |
| ../../coin-selection-simulation/scenarios/bustabit-2019-2020-tiny.csv | 455.17699946 | 789.771777778 | 1589 | 6301 | 6297 | 2699 | 0 | 1584 | 1115 | 0.00054050 | 9.99898681 | 0.331021644924 | 0.618545555292 | 0.25173999 | 0.0000932715783624 | -0.00108052000 | 0.25065947000 | 1 | 80 | 2.33308632827 | 2.87570247265 | 1115 | 1584 | 0 | 1115 | 0 | 0 |
| ../../coin-selection-simulation/scenarios/bustabit-2019-2020-tiny.csv | 458.09811447 | 832.321157895 | 1618 | 6598 | 6698 | 2902 | 0 | 1717 | 1185 | 0.00054050 | 9.99898681 | 0.334743775387 | 0.643602542863 | 0.26818912 | 0.0000924152722261 | -0.00110024000 | 0.26708888000 | 1 | 80 | 2.30806340455 | 2.80545777953 | 1185 | 1717 | 0 | 1185 | 0 | 0 |
| ../../coin-selection-simulation/scenarios/bustabit-2019-2020-tiny.csv | 444.49959556 | 873.071100000 | 1670 | 6926 | 7086 | 3074 | 0 | 1829 | 1245 | 0.00054050 | 9.99898681 | 0.334311502165 | 0.630078210760 | 0.28011913 | 0.0000911252862720 | -0.00113560000 | 0.27898353000 | 1 | 80 | 2.30513988289 | 2.78610393471 | 1245 | 1829 | 0 | 1245 | 0 | 0 |
| ../../coin-selection-simulation/scenarios/bustabit-2019-2020-tiny.csv | 380.21656056 | 909.860571429 | 1599 | 7224 | 7585 | 3276 | 0 | 1959 | 1317 | 0.00054050 | 9.99898681 | 0.329295010036 | 0.614169137176 | 0.30311048 | 0.0000925245665446 | -0.00108732000 | 0.30202316000 | 1 | 80 | 2.31532356532 | 2.80181352159 | 1317 | 1959 | 0 | 1317 | 0 | 0 |
| ../../coin-selection-simulation/scenarios/bustabit-2019-2020-tiny.csv | 370.10538188 | 941.129818182 | 1614 | 7562 | 7996 | 3438 | 0 | 2047 | 1391 | 0.00054050 | 9.99898681 | 0.328675279184 | 0.605052630532 | 0.31627625 | 0.0000919942553810 | -0.00109752000 | 0.31517873000 | 1 | 80 | 2.32577079697 | 2.78494731392 | 1391 | 2047 | 0 | 1391 | 0 | 0 |
| ../../coin-selection-simulation/scenarios/bustabit-2019-2020-tiny.csv | 382.39806596 | 972.949826087 | 1734 | 7902 | 8317 | 3598 | 0 | 2148 | 1450 | 0.00054050 | 9.99898681 | 0.326219886024 | 0.595014081650 | 0.32856085 | 0.0000913176347971 | -0.00117912000 | 0.32738173000 | 1 | 80 | 2.31156197888 | 2.74318925723 | 1450 | 2148 | 0 | 1450 | 0 | 0 |
| ../../coin-selection-simulation/scenarios/bustabit-2019-2020-tiny.csv | 370.75174382 | 1006.45841667 | 1799 | 8232 | 8689 | 3768 | 0 | 2255 | 1513 | 0.00054050 | 9.99898681 | 0.320026675929 | 0.584477953443 | 0.34625838 | 0.0000918944745223 | -0.00122332000 | 0.34503506000 | 1 | 80 | 2.30599787686 | 2.71406019884 | 1513 | 2255 | 0 | 1513 | 0 | 0 |
| ../../coin-selection-simulation/scenarios/bustabit-2019-2020-tiny.csv | 387.51991352 | 1041.24416000 | 1929 | 8569 | 8991 | 3931 | 0 | 2350 | 1581 | 0.00054050 | 9.99898681 | 0.314552120191 | 0.575625325431 | 0.36025272 | 0.0000916440396846 | -0.00131172000 | 0.35894100000 | 1 | 80 | 2.28720427372 | 2.67724110658 | 1581 | 2350 | 0 | 1581 | 0 | 0 |
| ../../coin-selection-simulation/scenarios/bustabit-2019-2020-tiny.csv | 396.79803262 | 1076.32107692 | 1963 | 8898 | 9370 | 4102 | 0 | 2434 | 1668 | 0.00054050 | 9.99898681 | 0.313393010933 | 0.569131074659 | 0.37537405 | 0.0000915100073135 | -0.00133484000 | 0.37403921000 | 1 | 80 | 2.28425158459 | 2.64591548008 | 1668 | 2434 | 0 | 1668 | 0 | 0 |
| ../../coin-selection-simulation/scenarios/bustabit-2019-2020-tiny.csv | 390.51073322 | 1108.79170370 | 1988 | 9186 | 9770 | 4314 | 0 | 2571 | 1743 | 0.00052611 | 9.99898681 | 0.307290924181 | 0.558222497504 | 0.39183564 | 0.0000908288456189 | -0.00135184000 | 0.39048380000 | 1 | 80 | 2.26471951785 | 2.61422078552 | 1743 | 2571 | 0 | 1743 | 0 | 0 |
| ../../coin-selection-simulation/scenarios/bustabit-2019-2020-tiny.csv | 391.11278529 | 1141.56514286 | 2076 | 9481 | 10112 | 4519 | 0 | 2706 | 1813 | 0.00052611 | 9.99898681 | 0.301496006571 | 0.548333132328 | 0.41460677 | 0.0000917474596150 | -0.00141168000 | 0.41319509000 | 1 | 80 | 2.23766319982 | 2.57162771108 | 1813 | 2706 | 0 | 1813 | 0 | 0 |
| ../../coin-selection-simulation/scenarios/bustabit-2019-2020-tiny.csv | 388.89189954 | 1174.33986207 | 2138 | 9785 | 10471 | 4715 | 0 | 2823 | 1892 | 0.00052611 | 9.99898681 | 0.300323991566 | 0.542944925101 | 0.43125798 | 0.0000914651071050 | -0.00145384000 | 0.42980414000 | 1 | 80 | 2.22078472959 | 2.53206685488 | 1892 | 2823 | 0 | 1892 | 0 | 0 |
| ../../coin-selection-simulation/scenarios/bustabit-2019-2020-tiny.csv | 385.78621825 | 1205.73926667 | 2111 | 10050 | 10914 | 4950 | 0 | 2974 | 1976 | 0.00052611 | 9.99898681 | 0.297512488265 | 0.534746978780 | 0.44879862 | 0.0000906663878788 | -0.00143548000 | 0.44736314000 | 1 | 80 | 2.20484848485 | 2.49162199480 | 1976 | 2974 | 0 | 1976 | 0 | 0 |
----END SIMULATION RESULTS----


