----BEGIN SIMULATION RESULTS----
Scenario: sim_data.csv
| Scenario File | Current Balance | Mean #UTXO | Current #UTXO | #Deposits | #Inputs Spent | #Withdraws | #Uneconomical outputs spent | #Change Created | #Changeless | Min Change Value | Max Change Value | Mean Change Value | Std. Dev. of Change Value | Total Fees | Mean Fees per Withdraw | Cost to Empty | Total Cost | Min Input Size | Max Input Size | Mean Input Size | Std. Dev. of Input Size | BnB Usage | SRD Usage | Knapsack Usage | #BnB no change | #SRD no change | #Knapsack no change |
| sim_data.csv | 0.10000000 | 0 | 1 | 0 | 0 | 0 | 0 | 0 | 0 | 0 | 0 | 0 | 0 | 0 | 0 | -6.80000000E-7 | -6.80000000E-7 | 0 | 0 | 0 | 0 | 0 | 0 | 0 | 0 | 0 | 0 |
| sim_data.csv | 636.11944372 | 44.4120000000 | 92 | 179 | 397 | 321 | 0 | 309 | 12 | 0.00004380 | 216.02816170 | 11.7052946387 | 44.9151663804 | 0.04862194 | 0.000151470218069 | -0.0000625600000 | 0.0485593800000 | 1 | 23 | 1.23676012461 | 1.46629446920 | 12 | 52 | 257 | 12 | 0 | 0 |
| sim_data.csv | 626.47630310 | 95.1420000000 | 211 | 341 | 762 | 659 | 0 | 631 | 28 | 0.00004380 | 216.02816170 | 18.9203890611 | 54.3903340618 | 0.08252127 | 0.000125221957511 | -0.000143480000 | 0.082377790000 | 1 | 23 | 1.15629742033 | 1.05105343429 | 28 | 108 | 523 | 28 | 0 | 0 |
| sim_data.csv | 683.25132185 | 145.398666667 | 265 | 511 | 1151 | 989 | 0 | 904 | 85 | 0.00004380 | 249.97271869 | 21.8280528616 | 57.9796460910 | 0.11345722 | 0.000114719130435 | -0.000180200000 | 0.113277020000 | 1 | 23 | 1.16380182002 | 0.928334947339 | 85 | 266 | 638 | 85 | 0 | 0 |
| sim_data.csv | 201.74514820 | 171.748000000 | 249 | 671 | 1612 | 1329 | 0 | 1189 | 140 | 0.00004380 | 249.97271869 | 31.5701323357 | 68.7548988927 | 0.14175321 | 0.000106661557562 | -0.000169320000 | 0.141583890000 | 1 | 23 | 1.21294206170 | 0.940527199530 | 140 | 415 | 774 | 140 | 0 | 0 |
| sim_data.csv | 123.56209018 | 190.500400000 | 303 | 840 | 2027 | 1660 | 0 | 1489 | 171 | 0.00004380 | 249.97271869 | 35.5097191811 | 68.1352110935 | 0.16817269 | 0.000101308849398 | -0.000206040000 | 0.167966650000 | 1 | 23 | 1.22108433735 | 0.899354147807 | 171 | 531 | 958 | 171 | 0 | 0 |
| sim_data.csv | 90.96285110 | 207.898000000 | 299 | 1016 | 2495 | 1984 | 0 | 1777 | 207 | 0.00004380 | 249.97271869 | 31.5218123788 | 63.5357418941 | 0.19336763 | 0.0000974635231855 | -0.000203320000 | 0.193164310000 | 1 | 24 | 1.25756048387 | 1.12894941160 | 207 | 639 | 1138 | 207 | 0 | 0 |
| sim_data.csv | 199.97817467 | 220.825714286 | 290 | 1192 | 2965 | 2308 | 0 | 2062 | 246 | 0.00004380 | 249.97271869 | 27.5850473197 | 59.8633715353 | 0.21661178 | 0.0000938525909879 | -0.000197200000 | 0.216414580000 | 1 | 24 | 1.28466204506 | 1.14451577418 | 246 | 755 | 1307 | 246 | 0 | 0 |
| sim_data.csv | 158.82666583 | 215.953500000 | 135 | 1360 | 3602 | 2640 | 0 | 2376 | 264 | 0.00004380 | 249.97271869 | 25.2916014424 | 56.5062767864 | 0.23460766 | 0.0000888665378788 | -0.0000918000000 | 0.234515860000 | 1 | 91 | 1.36439393939 | 2.58830062496 | 264 | 774 | 1602 | 264 | 0 | 0 |
| sim_data.csv | 8.90943788 | 209.317111111 | 22 | 1526 | 4178 | 2974 | 0 | 2673 | 301 | 0.00004380 | 249.97271869 | 24.7306996012 | 53.7708277827 | 0.24872899 | 0.0000836344956288 | -0.0000149600000 | 0.248714030000 | 1 | 92 | 1.40484196369 | 3.05309943677 | 301 | 801 | 1872 | 301 | 0 | 0 |
| sim_data.csv | 13.03808710 | 193.086800000 | 74 | 1705 | 4603 | 3295 | 0 | 2971 | 324 | 0.00004380 | 249.97271869 | 22.4691157885 | 51.4600356084 | 0.25642540 | 0.0000778225796662 | -0.0000503200000 | 0.256375080000 | 1 | 92 | 1.39696509863 | 2.92762161515 | 324 | 840 | 2131 | 324 | 0 | 0 |
| sim_data.csv | 5.42721946 | 183.454000000 | 10 | 1878 | 5133 | 3622 | 0 | 3264 | 358 | 0.00004380 | 249.97271869 | 20.6160398200 | 49.4527710484 | 0.26112989 | 0.0000720954969630 | -0.00000680000000 | 0.261123090000 | 1 | 92 | 1.41717283269 | 2.85557018760 | 358 | 855 | 2409 | 358 | 0 | 0 |
| sim_data.csv | 4.98781420 | 168.780666667 | 7 | 2074 | 5635 | 3925 | 0 | 3567 | 358 | 0.00004380 | 249.97271869 | 18.9210282035 | 47.6318456624 | 0.26421240 | 0.0000673152611465 | -0.00000476000000 | 0.264207640000 | 1 | 92 | 1.43566878981 | 2.75156365375 | 358 | 892 | 2675 | 358 | 0 | 0 |
| sim_data.csv | 2.87871636 | 157.368307692 | 20 | 2243 | 6116 | 4256 | 0 | 3892 | 364 | 0.00004380 | 249.97271869 | 17.3892790288 | 45.8813632260 | 0.27462241 | 0.0000645259421992 | -0.0000136000000 | 0.274608810000 | 1 | 92 | 1.43703007519 | 2.66178615539 | 364 | 918 | 2974 | 364 | 0 | 0 |
| sim_data.csv | 0.86145921 | 147.651428571 | 9 | 2418 | 6622 | 4581 | 0 | 4212 | 369 | 0.00004380 | 249.97271869 | 16.3551524532 | 44.2846285560 | 0.27887914 | 0.0000608773499236 | -0.00000612000000 | 0.278873020000 | 1 | 92 | 1.44553590919 | 2.63664390727 | 369 | 950 | 3262 | 369 | 0 | 0 |
| sim_data.csv | 282.89289844 | 141.655600000 | 122 | 2572 | 7003 | 4927 | 0 | 4552 | 375 | 0.00004039 | 249.97271869 | 16.0801455750 | 43.1218529251 | 0.32851661 | 0.0000666768033286 | -0.0000829600000 | 0.328433650000 | 1 | 92 | 1.42135173534 | 2.54625395746 | 375 | 990 | 3562 | 375 | 0 | 0 |
| sim_data.csv | 343.07878684 | 139.848500000 | 110 | 2735 | 7463 | 5264 | 0 | 4837 | 427 | 0.00004039 | 274.97911422 | 15.7096553667 | 42.4735973945 | 0.35850124 | 0.0000681043389058 | -0.0000748000000 | 0.358426440000 | 1 | 92 | 1.41774316109 | 2.48401244751 | 427 | 1069 | 3768 | 427 | 0 | 0 |
| sim_data.csv | 265.70112635 | 139.522705882 | 146 | 2892 | 7869 | 5607 | 0 | 5122 | 485 | 0.00004039 | 274.97911422 | 15.8193413552 | 43.4635212527 | 0.38467786 | 0.0000686067166042 | -0.0000992800000 | 0.384578580000 | 1 | 92 | 1.40342429106 | 2.41041614730 | 485 | 1241 | 3881 | 485 | 0 | 0 |
| sim_data.csv | 19.92014571 | 141.438666667 | 179 | 3064 | 8294 | 5935 | 0 | 5408 | 527 | 0.00004039 | 274.97911422 | 16.2065178928 | 44.8803496005 | 0.40685166 | 0.0000685512485257 | -0.000121720000 | 0.406729940000 | 1 | 92 | 1.39747262005 | 2.35289701923 | 527 | 1418 | 3990 | 527 | 0 | 0 |
| sim_data.csv | 4.26456523 | 138.718631579 | 15 | 3230 | 8899 | 6269 | 0 | 5683 | 586 | 0.00004039 | 274.97911422 | 15.4353769356 | 43.9143117237 | 0.41542021 | 0.0000662657856117 | -0.0000102000000 | 0.415410010000 | 1 | 92 | 1.41952464508 | 2.37019928209 | 586 | 1446 | 4237 | 586 | 0 | 0 |
| sim_data.csv | 39.46537713 | 132.722800000 | 39 | 3404 | 9357 | 6595 | 1 | 5991 | 604 | 0.00004039 | 274.97911422 | 14.7783923613 | 42.8798686102 | 0.42183365 | 0.0000639626459439 | -0.0000265200000 | 0.421807130000 | 1 | 92 | 1.41880212282 | 2.32645336942 | 604 | 1499 | 4492 | 604 | 0 | 0 |
| sim_data.csv | 27.16101453 | 129.286952381 | 92 | 3570 | 9782 | 6929 | 1 | 6303 | 626 | 0.00004039 | 274.97911422 | 14.5742693520 | 41.8646770839 | 0.42802911 | 0.0000617735762736 | -0.0000625600000 | 0.427966550000 | 1 | 92 | 1.41174772694 | 2.29947164000 | 626 | 1504 | 4799 | 626 | 0 | 0 |
| sim_data.csv | 19.54001241 | 128.129000000 | 138 | 3730 | 10209 | 7269 | 1 | 6616 | 653 | 0.00004039 | 274.97911422 | 14.4449521153 | 40.9020439054 | 0.43399217 | 0.0000597045219425 | -0.0000938400000 | 0.433898330000 | 1 | 92 | 1.40445728436 | 2.26069571750 | 653 | 1535 | 5081 | 653 | 0 | 0 |
| sim_data.csv | 18.10640729 | 127.746434783 | 42 | 3897 | 10753 | 7602 | 1 | 6897 | 705 | 0.00004039 | 274.97911422 | 13.9161941688 | 40.1452540019 | 0.44045393 | 0.0000579392173112 | -0.0000285600000 | 0.440425370000 | 1 | 92 | 1.41449618521 | 2.25860405270 | 705 | 1565 | 5332 | 705 | 0 | 0 |
| sim_data.csv | 15.51711248 | 124.125512167 | 54 | 4065 | 11174 | 7893 | 1 | 7162 | 731 | 0.00004039 | 274.97911422 | 13.4243308484 | 39.4756675519 | 0.44573085 | 0.0000564716647662 | -0.0000367200000 | 0.445694130000 | 1 | 92 | 1.41568478399 | 2.23559017584 | 731 | 1586 | 5576 | 731 | 0 | 0 |
----END SIMULATION RESULTS----


