----BEGIN SIMULATION RESULTS----
Scenario: sim_data.csv
| Scenario File | Current Balance | Mean #UTXO | Current #UTXO | #Deposits | #Inputs Spent | #Withdraws | #Uneconomical outputs spent | #Change Created | #Changeless | Min Change Value | Max Change Value | Mean Change Value | Std. Dev. of Change Value | Total Fees | Mean Fees per Withdraw | Cost to Empty | Total Cost | Min Input Size | Max Input Size | Mean Input Size | Std. Dev. of Input Size | BnB Usage | SRD Usage | Knapsack Usage | #BnB no change | #SRD no change | #Knapsack no change |
| sim_data.csv | 0.10000000 | 0 | 1 | 0 | 0 | 0 | 0 | 0 | 0 | 0 | 0 | 0 | 0 | 0 | 0 | -6.80000000E-7 | -6.80000000E-7 | 0 | 0 | 0 | 0 | 0 | 0 | 0 | 0 | 0 | 0 |
| sim_data.csv | 636.11835720 | 38.2420000000 | 75 | 179 | 413 | 321 | 5 | 308 | 13 | 0.00014091 | 215.79845883 | 13.5907561225 | 48.5710757169 | 0.04970846 | 0.000154855015576 | -0.0000510000000 | 0.0496574600000 | 1 | 14 | 1.28660436137 | 1.25453228181 | 13 | 65 | 243 | 13 | 0 | 0 |
| sim_data.csv | 626.47561869 | 89.7170000000 | 200 | 341 | 769 | 659 | 5 | 627 | 32 | 0.00005264 | 215.79845883 | 23.1194377138 | 58.8651456546 | 0.08320568 | 0.000126260515933 | -0.000136000000 | 0.083069680000 | 1 | 14 | 1.16691957511 | 0.897174598102 | 31 | 142 | 486 | 31 | 0 | 1 |
| sim_data.csv | 683.25010811 | 133.094666667 | 245 | 511 | 1171 | 989 | 5 | 904 | 85 | 0.00005264 | 215.93038213 | 25.4783149556 | 61.6080025105 | 0.11467096 | 0.000115946370071 | -0.000166600000 | 0.114504360000 | 1 | 14 | 1.18402426694 | 0.817636803679 | 84 | 338 | 567 | 84 | 0 | 1 |
| sim_data.csv | 201.74501427 | 161.050500000 | 269 | 671 | 1599 | 1329 | 5 | 1196 | 133 | 0.00005264 | 249.82849403 | 33.0733143538 | 69.8364834474 | 0.14188714 | 0.000106762332581 | -0.000182920000 | 0.141704220000 | 1 | 14 | 1.20316027088 | 0.811785704028 | 132 | 497 | 700 | 132 | 0 | 1 |
| sim_data.csv | 123.56243593 | 188.198400000 | 324 | 840 | 2004 | 1660 | 5 | 1487 | 173 | 0.00005264 | 249.82849403 | 42.1087562800 | 72.8273193749 | 0.16782694 | 0.000101100566265 | -0.000220320000 | 0.167606620000 | 1 | 14 | 1.20722891566 | 0.782075126008 | 172 | 645 | 843 | 172 | 0 | 1 |
| sim_data.csv | 90.96294648 | 204.715666667 | 273 | 1016 | 2495 | 1984 | 5 | 1751 | 233 | 0.00005219 | 249.82849403 | 36.6060175119 | 68.7234646496 | 0.19327225 | 0.0000974154485887 | -0.000185640000 | 0.193086610000 | 1 | 23 | 1.25756048387 | 1.03284111211 | 232 | 783 | 969 | 232 | 0 | 1 |
| sim_data.csv | 199.97723168 | 211.312571429 | 178 | 1192 | 3064 | 2308 | 5 | 2049 | 259 | 0.00005219 | 249.82849403 | 31.9852822077 | 64.6428393598 | 0.21755477 | 0.0000942611655113 | -0.000121040000 | 0.217433730000 | 1 | 79 | 1.32755632582 | 2.03100879204 | 258 | 854 | 1196 | 258 | 0 | 1 |
| sim_data.csv | 158.82612192 | 203.163000000 | 150 | 1360 | 3574 | 2640 | 5 | 2363 | 277 | 0.00004209 | 249.82849403 | 30.2239348454 | 60.9246536096 | 0.23515157 | 0.0000890725643939 | -0.000102000000 | 0.235049570000 | 1 | 79 | 1.35378787879 | 2.38455003379 | 276 | 886 | 1478 | 276 | 0 | 1 |
| sim_data.csv | 8.90890290 | 197.818444444 | 20 | 1526 | 4179 | 2974 | 5 | 2672 | 302 | 0.00004209 | 249.82849403 | 28.4062817370 | 57.8140429605 | 0.24926397 | 0.0000838143813046 | -0.0000136000000 | 0.249250370000 | 1 | 79 | 1.40517821116 | 2.86169361832 | 301 | 928 | 1745 | 301 | 0 | 1 |
| sim_data.csv | 13.03798257 | 185.907000000 | 125 | 1705 | 4569 | 3295 | 5 | 2988 | 307 | 0.00004209 | 249.82849403 | 25.4899210498 | 55.3251836792 | 0.25652993 | 0.0000778543034901 | -0.0000850000000 | 0.256444930000 | 1 | 79 | 1.38664643399 | 2.79014074563 | 306 | 942 | 2047 | 306 | 0 | 1 |
| sim_data.csv | 5.42672655 | 173.953636364 | 14 | 1878 | 5129 | 3622 | 5 | 3264 | 358 | 0.00004209 | 249.82849403 | 23.5052642763 | 53.3392526557 | 0.26162280 | 0.0000722315847598 | -0.00000952000000 | 0.261613280000 | 1 | 79 | 1.41606847046 | 2.70627778847 | 357 | 959 | 2306 | 357 | 0 | 1 |
| sim_data.csv | 4.98731982 | 160.023000000 | 6 | 2074 | 5636 | 3925 | 5 | 3567 | 358 | 0.00004209 | 249.82849403 | 21.5519392036 | 51.4245460589 | 0.26470678 | 0.0000674412178344 | -0.00000408000000 | 0.264702700000 | 1 | 79 | 1.43592356688 | 2.60865486763 | 357 | 993 | 2575 | 357 | 0 | 1 |
| sim_data.csv | 2.87816250 | 149.323692308 | 11 | 2243 | 6127 | 4256 | 5 | 3894 | 362 | 0.00004209 | 249.82849403 | 19.7844547545 | 49.5629712158 | 0.27517627 | 0.0000646560784774 | -0.00000748000000 | 0.275168790000 | 1 | 79 | 1.43961466165 | 2.52993736508 | 361 | 1026 | 2869 | 361 | 0 | 1 |
| sim_data.csv | 0.86077144 | 140.497571429 | 9 | 2418 | 6623 | 4581 | 5 | 4213 | 368 | 0.00004209 | 249.82849403 | 18.4723014284 | 47.8951303700 | 0.27956691 | 0.0000610274852652 | -0.00000612000000 | 0.279560790000 | 1 | 79 | 1.44575420214 | 2.48470297836 | 367 | 1061 | 3153 | 367 | 0 | 1 |
| sim_data.csv | 282.89217949 | 134.904000000 | 117 | 2572 | 7004 | 4927 | 5 | 4548 | 379 | 0.00004209 | 249.82849403 | 18.5747891408 | 46.5488131537 | 0.32923556 | 0.0000668227237670 | -0.0000795600000 | 0.329156000000 | 1 | 79 | 1.42155469860 | 2.40108544320 | 378 | 1082 | 3467 | 378 | 0 | 1 |
| sim_data.csv | 343.07819937 | 133.642125000 | 104 | 2735 | 7461 | 5264 | 5 | 4829 | 435 | 0.00004209 | 274.81338985 | 18.1829639783 | 46.1459609329 | 0.35908871 | 0.0000682159403495 | -0.0000707200000 | 0.359017990000 | 1 | 79 | 1.41736322188 | 2.34016118268 | 434 | 1193 | 3637 | 434 | 0 | 1 |
| sim_data.csv | 265.70030171 | 132.305882353 | 128 | 2892 | 7875 | 5607 | 5 | 5110 | 497 | 0.00004209 | 274.81338985 | 18.9611821148 | 49.0461075593 | 0.38550250 | 0.0000687537899055 | -0.0000870400000 | 0.385415460000 | 1 | 79 | 1.40449438202 | 2.27366873625 | 496 | 1329 | 3782 | 496 | 0 | 1 |
| sim_data.csv | 19.91956030 | 133.868444444 | 157 | 3064 | 8296 | 5935 | 5 | 5388 | 547 | 0.00004209 | 274.81338985 | 20.1917102101 | 51.6314187894 | 0.40743707 | 0.0000686498854254 | -0.000106760000 | 0.407330310000 | 1 | 79 | 1.39780960404 | 2.22146632348 | 546 | 1449 | 3940 | 546 | 0 | 1 |
| sim_data.csv | 4.26417548 | 132.885052632 | 18 | 3230 | 8885 | 6269 | 5 | 5672 | 597 | 0.00004209 | 274.81338985 | 19.2033254492 | 50.5059814769 | 0.41580996 | 0.0000663279566119 | -0.0000122400000 | 0.415797720000 | 1 | 79 | 1.41729143404 | 2.23886187385 | 596 | 1477 | 4196 | 596 | 0 | 1 |
| sim_data.csv | 39.46487813 | 127.038800000 | 21 | 3404 | 9367 | 6595 | 8 | 5983 | 612 | 0.00004209 | 274.81338985 | 18.2595305481 | 49.3464269596 | 0.42233265 | 0.0000640383093252 | -0.0000142800000 | 0.422318370000 | 1 | 79 | 1.42031842305 | 2.20571119234 | 611 | 1511 | 4473 | 611 | 0 | 1 |
| sim_data.csv | 27.16061419 | 123.412380952 | 93 | 3570 | 9781 | 6929 | 8 | 6303 | 626 | 0.00004209 | 274.81338985 | 17.5639243948 | 48.2012329784 | 0.42842945 | 0.0000618313537307 | -0.0000632400000 | 0.428366210000 | 1 | 79 | 1.41160340597 | 2.17428106187 | 625 | 1524 | 4780 | 625 | 0 | 1 |
| sim_data.csv | 19.53958652 | 122.563636364 | 134 | 3730 | 10213 | 7269 | 8 | 6616 | 653 | 0.00004209 | 274.81338985 | 17.2370646638 | 47.0983442607 | 0.43441806 | 0.0000597631118448 | -0.0000911200000 | 0.434326940000 | 1 | 79 | 1.40500756638 | 2.14093607608 | 652 | 1556 | 5061 | 652 | 0 | 1 |
| sim_data.csv | 18.10606874 | 123.355565217 | 54 | 3897 | 10744 | 7602 | 8 | 6900 | 702 | 0.00004209 | 274.81338985 | 16.5876186059 | 46.2274300929 | 0.44079248 | 0.0000579837516443 | -0.0000367200000 | 0.440755760000 | 1 | 79 | 1.41331228624 | 2.16359507269 | 701 | 1573 | 5328 | 701 | 0 | 1 |
| sim_data.csv | 15.51667630 | 119.792457563 | 47 | 4065 | 11185 | 7893 | 8 | 7166 | 727 | 0.00004209 | 274.81338985 | 15.9946753063 | 45.4619717938 | 0.44616703 | 0.0000565269263905 | -0.0000319600000 | 0.446135070000 | 1 | 79 | 1.41707842392 | 2.14304051154 | 726 | 1601 | 5566 | 726 | 0 | 1 |
----END SIMULATION RESULTS----


