----BEGIN SIMULATION RESULTS----
Scenario: ../../coin-selection-simulation/scenarios/bustabit-2019-2020-tiny.csv
| Scenario File | Current Balance | Mean #UTXO | Current #UTXO | #Deposits | #Inputs Spent | #Withdraws | #Uneconomical outputs spent | #Change Created | #Changeless | Min Change Value | Max Change Value | Mean Change Value | Std. Dev. of Change Value | Total Fees | Mean Fees per Withdraw | Cost to Empty | Total Cost | Min Input Size | Max Input Size | Mean Input Size | Std. Dev. of Input Size | BnB Usage | SRD Usage | Knapsack Usage | #BnB no change | #SRD no change | #Knapsack no change |
| ../../coin-selection-simulation/scenarios/bustabit-2019-2020-tiny.csv | 0.10000000 | 0 | 1 | 0 | 0 | 0 | 0 | 0 | 0 | 0 | 0 | 0 | 0 | 0 | 0 | -6.80000000E-7 | -6.80000000E-7 | 0 | 0 | 0 | 0 | 0 | 0 | 0 | 0 | 0 | 0 |
| ../../coin-selection-simulation/scenarios/bustabit-2019-2020-tiny.csv | 0.31923035 | 27.6360000000 | 32 | 267 | 437 | 233 | 2 | 201 | 32 | 0.00005195 | 0.10036190 | 0.0216179754229 | 0.0244266066829 | 0.01371315 | 0.0000588547210300 | -0.0000217600000 | 0.0136913900000 | 1 | 13 | 1.87553648069 | 1.81158931692 | 32 | 58 | 143 | 32 | 0 | 0 |
| ../../coin-selection-simulation/scenarios/bustabit-2019-2020-tiny.csv | 9.11270033 | 62.3900000000 | 190 | 594 | 739 | 406 | 2 | 334 | 72 | 0.00005195 | 1.31998244 | 0.0897865018563 | 0.217437196037 | 0.03068553 | 0.0000755801231527 | -0.000129200000 | 0.030556330000 | 1 | 13 | 1.82019704433 | 1.95623371085 | 71 | 84 | 251 | 71 | 0 | 1 |
| ../../coin-selection-simulation/scenarios/bustabit-2019-2020-tiny.csv | 12.43947082 | 129.598000000 | 357 | 961 | 1027 | 539 | 2 | 422 | 117 | 0.00005195 | 1.43594973 | 0.187096790427 | 0.352123754924 | 0.04161646 | 0.0000772105009276 | -0.000242760000 | 0.041373700000 | 1 | 19 | 1.90538033395 | 2.23198046529 | 116 | 91 | 332 | 116 | 0 | 1 |
| ../../coin-selection-simulation/scenarios/bustabit-2019-2020-tiny.csv | 25.85625640 | 205.894500000 | 445 | 1318 | 1374 | 682 | 2 | 500 | 182 | 0.00005195 | 1.43594973 | 0.1700208325 | 0.327890657551 | 0.05194775 | 0.0000761697214076 | -0.000302600000 | 0.051645150000 | 1 | 19 | 2.01466275660 | 2.26958869673 | 181 | 113 | 388 | 181 | 0 | 1 |
| ../../coin-selection-simulation/scenarios/bustabit-2019-2020-tiny.csv | 30.87662312 | 254.526000000 | 470 | 1682 | 1796 | 818 | 2 | 583 | 235 | 0.00005195 | 2.04315706 | 0.223361593654 | 0.426155965763 | 0.06395336 | 0.0000781825916870 | -0.000319600000 | 0.063633760000 | 1 | 101 | 2.19559902200 | 4.64646114486 | 234 | 128 | 456 | 234 | 0 | 1 |
| ../../coin-selection-simulation/scenarios/bustabit-2019-2020-tiny.csv | 31.94503817 | 285.638333333 | 423 | 2010 | 2261 | 990 | 2 | 673 | 317 | 0.00005195 | 2.04315706 | 0.208968726360 | 0.406279481068 | 0.08202464 | 0.0000828531717172 | -0.000287640000 | 0.081737000000 | 1 | 101 | 2.28383838384 | 4.40920553411 | 316 | 161 | 513 | 316 | 0 | 1 |
| ../../coin-selection-simulation/scenarios/bustabit-2019-2020-tiny.csv | 84.82158752 | 319.531714286 | 680 | 2421 | 2471 | 1079 | 2 | 729 | 350 | 0.00005195 | 9.96987430 | 0.452551672140 | 1.22886534292 | 0.09103364 | 0.0000843685264133 | -0.000462400000 | 0.090571240000 | 1 | 101 | 2.29008341057 | 4.27359801274 | 349 | 181 | 549 | 349 | 0 | 1 |
| ../../coin-selection-simulation/scenarios/bustabit-2019-2020-tiny.csv | 162.27182945 | 380.900500000 | 901 | 2827 | 2708 | 1173 | 2 | 781 | 392 | 0.00005195 | 9.96987430 | 0.433797858399 | 1.19114983730 | 0.10046462 | 0.0000856475873828 | -0.000612680000 | 0.099851940000 | 1 | 101 | 2.30861040068 | 4.16616091714 | 391 | 190 | 592 | 391 | 0 | 1 |
| ../../coin-selection-simulation/scenarios/bustabit-2019-2020-tiny.csv | 316.56810665 | 451.516222222 | 1186 | 3232 | 2892 | 1268 | 2 | 845 | 423 | 0.00005195 | 9.96987430 | 0.418540789030 | 1.15592934754 | 0.10815821 | 0.0000852982728707 | -0.000806480000 | 0.107351730000 | 1 | 101 | 2.28075709779 | 4.02890605942 | 422 | 216 | 630 | 422 | 0 | 1 |
| ../../coin-selection-simulation/scenarios/bustabit-2019-2020-tiny.csv | 312.72391190 | 530.479800000 | 1321 | 3588 | 3203 | 1412 | 2 | 935 | 477 | 0.00005195 | 9.96987430 | 0.396196006856 | 1.10515076255 | 0.12300727 | 0.0000871156303116 | -0.000898280000 | 0.122108990000 | 1 | 101 | 2.26841359773 | 3.85006661391 | 476 | 253 | 683 | 476 | 0 | 1 |
| ../../coin-selection-simulation/scenarios/bustabit-2019-2020-tiny.csv | 370.33558928 | 611.445272727 | 1521 | 3962 | 3468 | 1538 | 2 | 1026 | 512 | 0.00005195 | 9.96987430 | 0.378659553752 | 1.05990809252 | 0.13514785 | 0.0000878724642393 | -0.00103428000 | 0.13411357000 | 1 | 101 | 2.25487646294 | 3.74826686704 | 511 | 292 | 735 | 511 | 0 | 1 |
| ../../coin-selection-simulation/scenarios/bustabit-2019-2020-tiny.csv | 369.75780858 | 690.507166667 | 1619 | 4303 | 3798 | 1697 | 2 | 1113 | 584 | 0.00005195 | 9.96987430 | 0.365969412138 | 1.02156795768 | 0.15358715 | 0.0000905050972304 | -0.00110092000 | 0.15248623000 | 1 | 101 | 2.23806717737 | 3.59423516908 | 583 | 338 | 776 | 583 | 0 | 1 |
| ../../coin-selection-simulation/scenarios/bustabit-2019-2020-tiny.csv | 422.07799970 | 768.498923077 | 1802 | 4678 | 4071 | 1822 | 2 | 1194 | 628 | 0.00005195 | 9.96987430 | 0.356267091851 | 0.990595590872 | 0.16523161 | 0.0000906869429199 | -0.00122536000 | 0.16400625000 | 1 | 101 | 2.23435784852 | 3.50107296636 | 627 | 381 | 814 | 627 | 0 | 1 |
| ../../coin-selection-simulation/scenarios/bustabit-2019-2020-tiny.csv | 462.25135760 | 845.884714286 | 1898 | 5022 | 4426 | 1978 | 2 | 1301 | 677 | 0.00005195 | 9.96987430 | 0.344169851676 | 0.953513644667 | 0.17507708 | 0.0000885121739130 | -0.00129064000 | 0.17378644000 | 1 | 101 | 2.23761375126 | 3.41248870753 | 676 | 439 | 863 | 676 | 0 | 1 |
| ../../coin-selection-simulation/scenarios/bustabit-2019-2020-tiny.csv | 448.11299217 | 921.720533333 | 2068 | 5373 | 4704 | 2127 | 2 | 1398 | 729 | 0.00005195 | 9.96987430 | 0.333117106466 | 0.923908275144 | 0.19250662 | 0.0000905061683122 | -0.00140624000 | 0.19110038000 | 1 | 101 | 2.21156558533 | 3.32164113844 | 728 | 479 | 920 | 728 | 0 | 1 |
| ../../coin-selection-simulation/scenarios/bustabit-2019-2020-tiny.csv | 440.08553250 | 992.675500000 | 2094 | 5662 | 5120 | 2338 | 2 | 1551 | 787 | 0.00005195 | 9.96987430 | 0.320228264449 | 0.882255018584 | 0.21018477 | 0.0000898993883661 | -0.00142392000 | 0.20876085000 | 1 | 101 | 2.18990590248 | 3.23172136981 | 786 | 572 | 980 | 786 | 0 | 1 |
| ../../coin-selection-simulation/scenarios/bustabit-2019-2020-tiny.csv | 448.55781183 | 1060.06670588 | 2216 | 5993 | 5462 | 2507 | 2 | 1684 | 823 | 0.00005195 | 9.96987430 | 0.304831075534 | 0.850778982210 | 0.21898814 | 0.0000873506741125 | -0.00150688000 | 0.21748126000 | 1 | 101 | 2.17869964101 | 3.17449071274 | 822 | 627 | 1058 | 822 | 0 | 1 |
| ../../coin-selection-simulation/scenarios/bustabit-2019-2020-tiny.csv | 455.19059469 | 1129.21655556 | 2355 | 6301 | 5770 | 2699 | 2 | 1823 | 876 | 0.00005195 | 9.96987430 | 0.301113292693 | 0.822588740542 | 0.23814476 | 0.0000882344423861 | -0.00160140000 | 0.23654336000 | 1 | 101 | 2.13782882549 | 3.09515078276 | 875 | 715 | 1109 | 875 | 0 | 1 |
| ../../coin-selection-simulation/scenarios/bustabit-2019-2020-tiny.csv | 458.11256877 | 1195.42831579 | 2434 | 6598 | 6134 | 2902 | 2 | 1969 | 933 | 0.00005195 | 9.96987430 | 0.291909112717 | 0.795332846381 | 0.25373482 | 0.0000874344658856 | -0.00165512000 | 0.25207970000 | 1 | 101 | 2.11371467953 | 3.00467716270 | 932 | 787 | 1183 | 932 | 0 | 1 |
| ../../coin-selection-simulation/scenarios/bustabit-2019-2020-tiny.csv | 444.51406959 | 1259.48610000 | 2493 | 6926 | 6529 | 3074 | 2 | 2095 | 979 | 0.00005195 | 9.96987430 | 0.287171096783 | 0.774253028705 | 0.26564510 | 0.0000864167534157 | -0.00169524000 | 0.26394986000 | 1 | 101 | 2.12394274561 | 3.03980415675 | 978 | 859 | 1237 | 978 | 0 | 1 |
| ../../coin-selection-simulation/scenarios/bustabit-2019-2020-tiny.csv | 380.23314031 | 1319.11542857 | 2528 | 7224 | 6935 | 3276 | 2 | 2238 | 1038 | 0.00005195 | 9.96987430 | 0.276887266296 | 0.752342608853 | 0.28653073 | 0.0000874635927961 | -0.00171904000 | 0.28481169000 | 1 | 101 | 2.11691086691 | 3.02822463989 | 1037 | 922 | 1317 | 1037 | 0 | 1 |
| ../../coin-selection-simulation/scenarios/bustabit-2019-2020-tiny.csv | 370.12278488 | 1374.98245455 | 2596 | 7562 | 7310 | 3438 | 2 | 2343 | 1095 | 0.00005195 | 9.96987430 | 0.271215484038 | 0.737468051660 | 0.29887325 | 0.0000869323007563 | -0.00176528000 | 0.29710797000 | 1 | 101 | 2.12623618383 | 3.03664044455 | 1094 | 975 | 1369 | 1094 | 0 | 1 |
| ../../coin-selection-simulation/scenarios/bustabit-2019-2020-tiny.csv | 382.41620850 | 1430.74000000 | 2729 | 7902 | 7627 | 3598 | 2 | 2453 | 1145 | 0.00005195 | 9.96987430 | 0.264146539633 | 0.722959857674 | 0.31041831 | 0.0000862752390217 | -0.00185572000 | 0.30856259000 | 1 | 101 | 2.11978877154 | 2.99612255398 | 1144 | 1030 | 1424 | 1144 | 0 | 1 |
| ../../coin-selection-simulation/scenarios/bustabit-2019-2020-tiny.csv | 370.77096580 | 1488.00925000 | 2858 | 8232 | 7948 | 3768 | 2 | 2573 | 1195 | 0.00005195 | 9.96987430 | 0.257181218655 | 0.707921704201 | 0.32703640 | 0.0000867930997877 | -0.00194344000 | 0.32509296000 | 1 | 101 | 2.10934182590 | 2.94795809108 | 1194 | 1091 | 1483 | 1194 | 0 | 1 |
| ../../coin-selection-simulation/scenarios/bustabit-2019-2020-tiny.csv | 387.53996533 | 1546.36880000 | 3032 | 8569 | 8221 | 3931 | 2 | 2683 | 1248 | 0.00005195 | 9.96987430 | 0.251824570324 | 0.694977207236 | 0.34020091 | 0.0000865430959044 | -0.00206176000 | 0.33813915000 | 1 | 101 | 2.09132536250 | 2.91343357827 | 1247 | 1150 | 1534 | 1247 | 0 | 1 |
| ../../coin-selection-simulation/scenarios/bustabit-2019-2020-tiny.csv | 396.81808873 | 1605.58269231 | 3124 | 8898 | 8560 | 4102 | 2 | 2785 | 1317 | 0.00005195 | 9.96987430 | 0.248350984865 | 0.684095037083 | 0.35531794 | 0.0000866206582155 | -0.00212432000 | 0.35319362000 | 1 | 101 | 2.08678693320 | 2.87549933544 | 1316 | 1203 | 1583 | 1316 | 0 | 1 |
| ../../coin-selection-simulation/scenarios/bustabit-2019-2020-tiny.csv | 390.53156613 | 1661.81651852 | 3171 | 9186 | 8942 | 4314 | 2 | 2926 | 1388 | 0.00005195 | 9.96987430 | 0.243606766282 | 0.670183512248 | 0.37100273 | 0.0000859997056096 | -0.00215628000 | 0.36884645000 | 1 | 101 | 2.07278627724 | 2.91446758201 | 1387 | 1274 | 1653 | 1387 | 0 | 1 |
| ../../coin-selection-simulation/scenarios/bustabit-2019-2020-tiny.csv | 391.13471166 | 1718.22821429 | 3316 | 9481 | 9240 | 4519 | 2 | 3074 | 1445 | 0.00005195 | 9.96987430 | 0.238301473133 | 0.656464554174 | 0.39268040 | 0.0000868954193406 | -0.00225488000 | 0.39042552000 | 1 | 101 | 2.04470015490 | 2.86005950374 | 1444 | 1344 | 1731 | 1444 | 0 | 1 |
| ../../coin-selection-simulation/scenarios/bustabit-2019-2020-tiny.csv | 388.91507423 | 1775.20786207 | 3448 | 9785 | 9563 | 4715 | 2 | 3225 | 1490 | 0.00005195 | 9.96987430 | 0.234796912543 | 0.643701068648 | 0.40808329 | 0.0000865500084836 | -0.00234464000 | 0.40573865000 | 1 | 101 | 2.02820784730 | 2.80837768582 | 1489 | 1429 | 1797 | 1489 | 0 | 1 |
| ../../coin-selection-simulation/scenarios/bustabit-2019-2020-tiny.csv | 385.81069743 | 1831.24166667 | 3447 | 10050 | 9994 | 4950 | 2 | 3390 | 1560 | 0.00005195 | 9.96987430 | 0.232946342791 | 0.631695960793 | 0.42431944 | 0.0000857210989899 | -0.00234396000 | 0.42197548000 | 1 | 101 | 2.01898989899 | 2.79140118575 | 1559 | 1513 | 1878 | 1559 | 0 | 1 |
----END SIMULATION RESULTS----


