----BEGIN SIMULATION RESULTS----
Scenario: sim_data.csv
| Scenario File | Current Balance | Mean #UTXO | Current #UTXO | #Deposits | #Inputs Spent | #Withdraws | #Uneconomical outputs spent | #Change Created | #Changeless | Min Change Value | Max Change Value | Mean Change Value | Std. Dev. of Change Value | Total Fees | Mean Fees per Withdraw | Cost to Empty | Total Cost | Min Input Size | Max Input Size | Mean Input Size | Std. Dev. of Input Size | BnB Usage | SRD Usage | Knapsack Usage | #BnB no change | #SRD no change | #Knapsack no change |
| sim_data.csv | 0.10000000 | 0 | 1 | 0 | 0 | 0 | 0 | 0 | 0 | 0 | 0 | 0 | 0 | 0 | 0 | -6.80000000E-7 | -6.80000000E-7 | 0 | 0 | 0 | 0 | 0 | 0 | 0 | 0 | 0 | 0 |
| sim_data.csv | 636.11832013 | 39.1520000000 | 79 | 179 | 411 | 321 | 5 | 310 | 11 | 0.00022148 | 215.81237801 | 13.4915153918 | 47.2903173815 | 0.04974553 | 0.000154970498442 | -0.0000537200000 | 0.0496918100000 | 1 | 16 | 1.28037383178 | 1.19734909689 | 11 | 61 | 249 | 11 | 0 | 0 |
| sim_data.csv | 626.47449549 | 80.7030000000 | 185 | 341 | 790 | 659 | 5 | 633 | 26 | 0.00005412 | 216.02218636 | 24.4191937883 | 61.4310211802 | 0.08432888 | 0.000127964916540 | -0.000125800000 | 0.084203080000 | 1 | 16 | 1.19878603945 | 0.921673373129 | 26 | 129 | 504 | 26 | 0 | 0 |
| sim_data.csv | 683.24864830 | 122.256000000 | 218 | 511 | 1200 | 989 | 5 | 906 | 83 | 0.00005412 | 249.98069881 | 29.9271169628 | 68.3478690932 | 0.11613077 | 0.000117422416582 | -0.000148240000 | 0.115982530000 | 1 | 16 | 1.21334681496 | 0.833256028694 | 83 | 276 | 630 | 83 | 0 | 0 |
| sim_data.csv | 201.74254482 | 147.349000000 | 202 | 671 | 1656 | 1329 | 5 | 1186 | 143 | 0.00005412 | 249.98069881 | 28.6976374244 | 66.6341960928 | 0.14435659 | 0.000108620458992 | -0.000137360000 | 0.144219230000 | 1 | 16 | 1.24604966140 | 0.828039199680 | 143 | 472 | 714 | 143 | 0 | 0 |
| sim_data.csv | 123.55762445 | 155.487200000 | 195 | 840 | 2127 | 1660 | 5 | 1481 | 179 | 0.00005412 | 249.98069881 | 27.6540795466 | 64.3640761399 | 0.17263842 | 0.000103999048193 | -0.000132600000 | 0.172505820000 | 1 | 16 | 1.28132530120 | 0.838933952954 | 179 | 647 | 834 | 179 | 0 | 0 |
| sim_data.csv | 90.96000544 | 165.465000000 | 245 | 1016 | 2541 | 1984 | 5 | 1769 | 215 | 0.00004979 | 249.98069881 | 24.9644854132 | 60.2216416836 | 0.19621329 | 0.0000988978276210 | -0.000166600000 | 0.196046690000 | 1 | 16 | 1.28074596774 | 0.817306652598 | 215 | 803 | 966 | 215 | 0 | 0 |
| sim_data.csv | 199.97482584 | 175.380000000 | 196 | 1192 | 3063 | 2308 | 5 | 2066 | 242 | 0.00004979 | 249.98069881 | 21.9031357022 | 56.3077122148 | 0.21996061 | 0.0000953035571924 | -0.000133280000 | 0.219827330000 | 1 | 51 | 1.32712305026 | 1.36461284834 | 242 | 905 | 1161 | 242 | 0 | 0 |
| sim_data.csv | 158.82442150 | 174.925250000 | 171 | 1360 | 3574 | 2640 | 5 | 2384 | 256 | 0.00004979 | 249.98069881 | 19.3097271201 | 52.9095452046 | 0.23685199 | 0.0000897166628788 | -0.000116280000 | 0.236735710000 | 1 | 100 | 1.35378787879 | 2.34787739806 | 256 | 913 | 1471 | 256 | 0 | 0 |
| sim_data.csv | 8.90732893 | 175.124000000 | 19 | 1526 | 4194 | 2974 | 5 | 2686 | 288 | 0.00004979 | 249.98069881 | 18.6684822593 | 50.3715855848 | 0.25083794 | 0.0000843436247478 | -0.0000129200000 | 0.250825020000 | 1 | 100 | 1.41022192334 | 3.00820322859 | 288 | 1014 | 1672 | 288 | 0 | 0 |
| sim_data.csv | 13.03660665 | 165.380000000 | 156 | 1705 | 4551 | 3295 | 5 | 3001 | 294 | 0.00004979 | 249.98069881 | 16.8293224937 | 47.9573855655 | 0.25790585 | 0.0000782718816388 | -0.000106080000 | 0.257799770000 | 1 | 100 | 1.38118361153 | 2.87796906608 | 294 | 1027 | 1974 | 294 | 0 | 0 |
| sim_data.csv | 5.42531061 | 155.375636364 | 17 | 1878 | 5135 | 3622 | 5 | 3273 | 349 | 0.00004979 | 249.98069881 | 15.5886712309 | 46.1096655254 | 0.26303874 | 0.0000726225124241 | -0.0000115600000 | 0.263027180000 | 1 | 100 | 1.41772501380 | 2.83218288391 | 349 | 1049 | 2224 | 349 | 0 | 0 |
| sim_data.csv | 4.98590750 | 143.060500000 | 7 | 2074 | 5644 | 3925 | 5 | 3576 | 349 | 0.00004979 | 249.98069881 | 14.3154210311 | 44.3109801120 | 0.26611910 | 0.0000678010445860 | -0.00000476000000 | 0.266114340000 | 1 | 100 | 1.43796178344 | 2.73023168608 | 349 | 1083 | 2493 | 349 | 0 | 0 |
| sim_data.csv | 2.87686401 | 133.864153846 | 20 | 2243 | 6123 | 4256 | 5 | 3899 | 357 | 0.00004979 | 249.98069881 | 13.1749172567 | 42.6055219082 | 0.27647476 | 0.0000649611748120 | -0.0000136000000 | 0.276461160000 | 1 | 100 | 1.43867481203 | 2.64348495750 | 357 | 1124 | 2775 | 357 | 0 | 0 |
| sim_data.csv | 0.85958704 | 125.951285714 | 8 | 2418 | 6628 | 4581 | 5 | 4217 | 364 | 0.00004979 | 249.98069881 | 12.5452988900 | 41.0719627021 | 0.28075131 | 0.0000612860314342 | -0.00000544000000 | 0.280745870000 | 1 | 100 | 1.44684566688 | 2.61363183710 | 364 | 1147 | 3070 | 364 | 0 | 0 |
| sim_data.csv | 282.89068953 | 121.311866667 | 100 | 2572 | 7023 | 4927 | 5 | 4550 | 377 | 0.00004979 | 249.98069881 | 12.4632150495 | 40.0733242036 | 0.33072552 | 0.0000671251309113 | -0.0000680000000 | 0.330657520000 | 1 | 100 | 1.42541100061 | 2.52532196436 | 377 | 1223 | 3327 | 377 | 0 | 0 |
| sim_data.csv | 343.07793027 | 121.614250000 | 128 | 2735 | 7447 | 5264 | 5 | 4839 | 425 | 0.00004979 | 249.98069881 | 12.2188444871 | 39.1225148912 | 0.35935781 | 0.0000682670611702 | -0.0000870400000 | 0.359270770000 | 1 | 100 | 1.41470364742 | 2.44877995415 | 425 | 1384 | 3455 | 425 | 0 | 0 |
| sim_data.csv | 265.69988188 | 122.211176471 | 143 | 2892 | 7865 | 5607 | 5 | 5115 | 492 | 0.00004979 | 274.97688826 | 12.5665924854 | 40.8063958357 | 0.38592233 | 0.0000688286659533 | -0.0000972400000 | 0.385825090000 | 1 | 100 | 1.40271089709 | 2.37865248725 | 492 | 1592 | 3523 | 492 | 0 | 0 |
| sim_data.csv | 19.91811281 | 123.323444444 | 152 | 3064 | 8311 | 5935 | 5 | 5398 | 537 | 0.00004979 | 274.97688826 | 12.9405242848 | 42.1005506742 | 0.40888456 | 0.0000688937759056 | -0.000103360000 | 0.408781200000 | 1 | 100 | 1.40033698399 | 2.32201983009 | 537 | 1740 | 3658 | 537 | 0 | 0 |
| sim_data.csv | 4.26281074 | 121.672631579 | 16 | 3230 | 8897 | 6269 | 5 | 5682 | 587 | 0.00004979 | 274.97688826 | 12.3114229800 | 41.1264354311 | 0.41717470 | 0.0000665456532142 | -0.0000108800000 | 0.417163820000 | 1 | 100 | 1.41920561493 | 2.33601719411 | 587 | 1761 | 3921 | 587 | 0 | 0 |
| sim_data.csv | 39.46358344 | 116.433600000 | 25 | 3404 | 9368 | 6595 | 5 | 5988 | 607 | 0.00004979 | 274.97688826 | 11.7950432814 | 40.1382830334 | 0.42362734 | 0.0000642346231994 | -0.0000170000000 | 0.423610340000 | 1 | 100 | 1.42047005307 | 2.29461253159 | 607 | 1794 | 4194 | 607 | 0 | 0 |
| sim_data.csv | 27.15926906 | 113.244666667 | 80 | 3570 | 9797 | 6929 | 5 | 6306 | 623 | 0.00004979 | 274.97688826 | 11.6416673080 | 39.1637048245 | 0.42977458 | 0.0000620254841969 | -0.0000544000000 | 0.429720180000 | 1 | 100 | 1.41391254149 | 2.27741505797 | 623 | 1816 | 4490 | 623 | 0 | 0 |
| sim_data.csv | 19.53825691 | 111.829363636 | 131 | 3730 | 10224 | 7269 | 5 | 6624 | 645 | 0.00004979 | 274.97688826 | 11.6183612072 | 38.2573750702 | 0.43574767 | 0.0000599460269638 | -0.0000890800000 | 0.435658590000 | 1 | 100 | 1.40652084193 | 2.24091546177 | 645 | 1835 | 4789 | 645 | 0 | 0 |
| sim_data.csv | 18.10474131 | 112.903739130 | 50 | 3897 | 10751 | 7602 | 5 | 6903 | 699 | 0.00004979 | 274.97688826 | 11.2414142254 | 37.5256164806 | 0.44211991 | 0.0000581583675349 | -0.0000340000000 | 0.442085910000 | 1 | 100 | 1.41423309655 | 2.23546717905 | 699 | 1858 | 5045 | 699 | 0 | 0 |
| sim_data.csv | 15.51531364 | 110.048666276 | 30 | 4065 | 11205 | 7893 | 5 | 7169 | 724 | 0.00004979 | 274.97688826 | 10.8623395526 | 36.8756392858 | 0.44752969 | 0.0000566995679716 | -0.0000204000000 | 0.447509290000 | 1 | 100 | 1.41961231471 | 2.21426525170 | 724 | 1895 | 5274 | 724 | 0 | 0 |
----END SIMULATION RESULTS----


