----BEGIN SIMULATION RESULTS----
Scenario: sim_data.csv
| Scenario File | Current Balance | Mean #UTXO | Current #UTXO | #Deposits | #Inputs Spent | #Withdraws | #Uneconomical outputs spent | #Change Created | #Changeless | Min Change Value | Max Change Value | Mean Change Value | Std. Dev. of Change Value | Total Fees | Mean Fees per Withdraw | Cost to Empty | Total Cost | Min Input Size | Max Input Size | Mean Input Size | Std. Dev. of Input Size | BnB Usage | SRD Usage | Knapsack Usage | #BnB no change | #SRD no change | #Knapsack no change |
| sim_data.csv | 0.10000000 | 0 | 1 | 0 | 0 | 0 | 0 | 0 | 0 | 0 | 0 | 0 | 0 | 0 | 0 | -6.80000000E-7 | -6.80000000E-7 | 0 | 0 | 0 | 0 | 0 | 0 | 0 | 0 | 0 | 0 |
| sim_data.csv | 636.11885537 | 42.0560000000 | 91 | 179 | 401 | 321 | 3 | 312 | 9 | 0.00511150 | 215.83264933 | 14.9299282989 | 50.0121324965 | 0.04921029 | 0.000153303084112 | -0.0000618800000 | 0.0491484100000 | 1 | 12 | 1.24922118380 | 1.14572889640 | 9 | 82 | 230 | 9 | 0 | 0 |
| sim_data.csv | 626.47587550 | 99.0380000000 | 220 | 341 | 762 | 659 | 3 | 640 | 19 | 0.00511150 | 215.83264933 | 26.0768552116 | 63.1922005862 | 0.08294887 | 0.000125870819423 | -0.000149600000 | 0.082799270000 | 1 | 12 | 1.15629742033 | 0.825966658241 | 19 | 199 | 441 | 19 | 0 | 0 |
| sim_data.csv | 683.25189534 | 155.998000000 | 309 | 511 | 1126 | 989 | 3 | 923 | 66 | 0.00501913 | 216.02756213 | 34.5725857680 | 71.5138281428 | 0.11288373 | 0.000114139261881 | -0.000210120000 | 0.112673610000 | 1 | 12 | 1.13852376138 | 0.697031186092 | 66 | 369 | 554 | 66 | 0 | 0 |
| sim_data.csv | 201.74427721 | 188.613500000 | 208 | 671 | 1638 | 1329 | 3 | 1174 | 155 | 0.00501913 | 224.92176707 | 32.0209877976 | 68.0863233622 | 0.14262420 | 0.000107316930023 | -0.000141440000 | 0.142482760000 | 1 | 27 | 1.23250564334 | 1.02129279497 | 155 | 548 | 626 | 155 | 0 | 0 |
| sim_data.csv | 123.56216762 | 201.833200000 | 304 | 840 | 2024 | 1660 | 3 | 1487 | 173 | 0.00501913 | 224.92176707 | 43.3444938195 | 72.4743861435 | 0.16809525 | 0.000101262198795 | -0.000206720000 | 0.167888530000 | 1 | 27 | 1.21927710843 | 0.943293683428 | 173 | 710 | 777 | 173 | 0 | 0 |
| sim_data.csv | 90.96200225 | 215.523666667 | 295 | 1016 | 2504 | 1984 | 3 | 1782 | 202 | 0.00501913 | 224.92176707 | 38.4801177021 | 67.7173374798 | 0.19421648 | 0.0000978913709677 | -0.000200600000 | 0.194015880000 | 1 | 63 | 1.26209677419 | 1.76102673677 | 202 | 806 | 976 | 202 | 0 | 0 |
| sim_data.csv | 199.97671011 | 226.108285714 | 194 | 1192 | 3071 | 2308 | 3 | 2072 | 236 | 0.00501913 | 224.92176707 | 34.1466544459 | 63.9437773672 | 0.21807634 | 0.0000944871490468 | -0.000131920000 | 0.217944420000 | 1 | 90 | 1.33058925477 | 2.53802981030 | 236 | 913 | 1159 | 236 | 0 | 0 |
| sim_data.csv | 158.82589390 | 216.242750000 | 163 | 1360 | 3581 | 2640 | 3 | 2383 | 257 | 0.00501913 | 224.92176707 | 31.2177506835 | 60.5039864954 | 0.23537959 | 0.0000891589356061 | -0.000110840000 | 0.235268750000 | 1 | 90 | 1.35643939394 | 2.60814523612 | 257 | 948 | 1435 | 257 | 0 | 0 |
| sim_data.csv | 8.90843046 | 211.032888889 | 33 | 1526 | 4183 | 2974 | 3 | 2689 | 285 | 0.00501913 | 224.92176707 | 29.5363813084 | 57.5671085845 | 0.24973641 | 0.0000839732380632 | -0.0000224400000 | 0.249713970000 | 1 | 90 | 1.40652320108 | 3.07871360263 | 285 | 988 | 1701 | 285 | 0 | 0 |
| sim_data.csv | 13.03692660 | 194.208000000 | 70 | 1705 | 4628 | 3295 | 3 | 2992 | 303 | 0.00044687 | 224.92176707 | 26.7895314042 | 55.1928552112 | 0.25758590 | 0.0000781747799697 | -0.0000476000000 | 0.257538300000 | 1 | 90 | 1.40455235205 | 2.98456521842 | 303 | 1012 | 1980 | 303 | 0 | 0 |
| sim_data.csv | 5.42596905 | 184.506909091 | 20 | 1878 | 5146 | 3622 | 3 | 3287 | 335 | 0.00016740 | 224.92176707 | 24.5647432194 | 53.1355834984 | 0.26238030 | 0.0000724407233573 | -0.0000136000000 | 0.262366700000 | 1 | 90 | 1.42076200994 | 2.91122249769 | 335 | 1029 | 2258 | 335 | 0 | 0 |
| sim_data.csv | 4.98657638 | 169.728166667 | 8 | 2074 | 5657 | 3925 | 3 | 3590 | 335 | 0.00016740 | 224.92176707 | 22.5417109695 | 51.2784591709 | 0.26545022 | 0.0000676306292994 | -0.00000544000000 | 0.265444780000 | 1 | 90 | 1.44127388535 | 2.80588946790 | 335 | 1065 | 2525 | 335 | 0 | 0 |
| sim_data.csv | 2.87740749 | 158.405230769 | 9 | 2243 | 6151 | 4256 | 3 | 3916 | 340 | 0.00008393 | 224.92176707 | 20.7050190614 | 49.4744830742 | 0.27593128 | 0.0000648334774436 | -0.00000612000000 | 0.275925160000 | 1 | 90 | 1.44525375940 | 2.71650065761 | 340 | 1104 | 2812 | 340 | 0 | 0 |
| sim_data.csv | 0.86019109 | 148.726428571 | 9 | 2418 | 6646 | 4581 | 3 | 4236 | 345 | 0.00008393 | 224.92176707 | 19.4880711976 | 47.7969568365 | 0.28014726 | 0.0000611541715783 | -0.00000612000000 | 0.280141140000 | 1 | 90 | 1.45077493997 | 2.67178978288 | 345 | 1136 | 3100 | 345 | 0 | 0 |
| sim_data.csv | 282.89118213 | 142.148800000 | 91 | 2572 | 7058 | 4927 | 3 | 4576 | 351 | 0.00001153 | 224.92176707 | 19.3779290626 | 46.4106711799 | 0.33023292 | 0.0000670251512076 | -0.0000618800000 | 0.330171040000 | 1 | 90 | 1.43251471484 | 2.60855704605 | 351 | 1154 | 3422 | 351 | 0 | 0 |
| sim_data.csv | 343.07886464 | 141.193125000 | 138 | 2735 | 7468 | 5264 | 3 | 4870 | 394 | 0.00001153 | 224.92176707 | 19.1408968108 | 45.3325462180 | 0.35842344 | 0.0000680895592705 | -0.0000938400000 | 0.358329600000 | 1 | 90 | 1.41869300912 | 2.52937147274 | 394 | 1260 | 3610 | 394 | 0 | 0 |
| sim_data.csv | 265.69985265 | 139.202823529 | 121 | 2892 | 7915 | 5607 | 3 | 5143 | 464 | 0.00001153 | 275.00459992 | 19.5508266215 | 47.6208819247 | 0.38595156 | 0.0000688338790797 | -0.0000822800000 | 0.385869280000 | 1 | 90 | 1.41162832174 | 2.45973503418 | 464 | 1471 | 3672 | 464 | 0 | 0 |
| sim_data.csv | 19.91927492 | 140.314777778 | 169 | 3064 | 8326 | 5935 | 3 | 5430 | 505 | 0.00001153 | 275.00459992 | 21.1941295954 | 51.0510857584 | 0.40772245 | 0.0000686979696714 | -0.000114920000 | 0.407607530000 | 1 | 90 | 1.40286436394 | 2.40112009398 | 505 | 1596 | 3834 | 505 | 0 | 0 |
| sim_data.csv | 4.26367118 | 137.618000000 | 15 | 3230 | 8916 | 6269 | 3 | 5700 | 569 | 0.00001153 | 275.00459992 | 20.1977797757 | 50.0270926571 | 0.41631426 | 0.0000664084000638 | -0.0000102000000 | 0.416304060000 | 1 | 90 | 1.42223640134 | 2.38311105294 | 569 | 1631 | 4069 | 569 | 0 | 0 |
| sim_data.csv | 39.46448749 | 131.584100000 | 22 | 3404 | 9388 | 6595 | 6 | 6005 | 590 | 0.00001153 | 275.00459992 | 19.3747797980 | 48.9091153285 | 0.42272329 | 0.0000640975420773 | -0.0000149600000 | 0.422708330000 | 1 | 90 | 1.42350265353 | 2.34052005661 | 590 | 1672 | 4333 | 590 | 0 | 0 |
| sim_data.csv | 27.16043062 | 129.201333333 | 102 | 3570 | 9790 | 6929 | 6 | 6321 | 608 | 0.00001153 | 275.00459992 | 18.6953398002 | 47.8011948777 | 0.42861302 | 0.0000618578467311 | -0.0000693600000 | 0.428543660000 | 1 | 90 | 1.41290229470 | 2.29788305450 | 608 | 1696 | 4625 | 608 | 0 | 0 |
| sim_data.csv | 19.53867471 | 125.873636364 | 31 | 3730 | 10324 | 7269 | 6 | 6624 | 645 | 0.00001153 | 275.00459992 | 17.8542601309 | 46.8527797610 | 0.43532987 | 0.0000598885500069 | -0.0000210800000 | 0.435308790000 | 1 | 90 | 1.42027789242 | 2.27610675235 | 645 | 1719 | 4905 | 645 | 0 | 0 |
| sim_data.csv | 18.10542082 | 123.281304348 | 28 | 3897 | 10792 | 7602 | 6 | 6922 | 680 | 0.00001153 | 275.00459992 | 17.2566870247 | 45.9263133864 | 0.44144040 | 0.0000580689818469 | -0.0000190400000 | 0.441421360000 | 1 | 90 | 1.41962641410 | 2.24236610036 | 680 | 1753 | 5169 | 680 | 0 | 0 |
| sim_data.csv | 15.51633457 | 119.979011623 | 63 | 4065 | 11198 | 7893 | 6 | 7195 | 698 | 0.00001153 | 275.00459992 | 16.6380544625 | 45.1544445389 | 0.44650876 | 0.0000565702217154 | -0.0000428400000 | 0.446465920000 | 1 | 90 | 1.41872545293 | 2.21612050976 | 698 | 1772 | 5423 | 698 | 0 | 0 |
----END SIMULATION RESULTS----


