----BEGIN SIMULATION RESULTS----
Scenario: sim_data.csv
| Scenario File | Current Balance | Mean #UTXO | Current #UTXO | #Deposits | #Inputs Spent | #Withdraws | #Uneconomical outputs spent | #Change Created | #Changeless | Min Change Value | Max Change Value | Mean Change Value | Std. Dev. of Change Value | Total Fees | Mean Fees per Withdraw | Cost to Empty | Total Cost | Min Input Size | Max Input Size | Mean Input Size | Std. Dev. of Input Size | BnB Usage | SRD Usage | Knapsack Usage | #BnB no change | #SRD no change | #Knapsack no change |
| sim_data.csv | 0.10000000 | 0 | 1 | 0 | 0 | 0 | 0 | 0 | 0 | 0 | 0 | 0 | 0 | 0 | 0 | -6.80000000E-7 | -6.80000000E-7 | 0 | 0 | 0 | 0 | 0 | 0 | 0 | 0 | 0 | 0 |
| sim_data.csv | 636.11956042 | 46.4520000000 | 100 | 179 | 392 | 321 | 3 | 312 | 9 | 0.00531185 | 217.41322260 | 11.5244935507 | 44.3903813941 | 0.04850524 | 0.000151106666667 | -0.0000680000000 | 0.0484372400000 | 1 | 15 | 1.22118380062 | 1.09444042517 | 9 | 35 | 277 | 9 | 0 | 0 |
| sim_data.csv | 626.47644034 | 102.480000000 | 222 | 341 | 757 | 659 | 3 | 637 | 22 | 0.00531185 | 217.41322260 | 28.1243609741 | 62.4898255425 | 0.08238403 | 0.000125013702580 | -0.000150960000 | 0.082233070000 | 1 | 15 | 1.14871016692 | 0.798389720220 | 22 | 145 | 492 | 22 | 0 | 0 |
| sim_data.csv | 683.25210206 | 158.043333333 | 313 | 511 | 1127 | 989 | 3 | 928 | 61 | 0.00512719 | 217.41322260 | 42.4439148785 | 70.9248879206 | 0.11267701 | 0.000113930242669 | -0.000212840000 | 0.112464170000 | 1 | 15 | 1.13953488372 | 0.703335162102 | 61 | 257 | 671 | 61 | 0 | 0 |
| sim_data.csv | 201.74662429 | 198.902000000 | 296 | 671 | 1574 | 1329 | 3 | 1198 | 131 | 0.00512719 | 224.92176707 | 44.0688925315 | 72.2423719863 | 0.14027712 | 0.000105550880361 | -0.000201280000 | 0.140075840000 | 1 | 15 | 1.18434913469 | 0.767287931340 | 131 | 353 | 845 | 131 | 0 | 0 |
| sim_data.csv | 123.56169876 | 210.163600000 | 268 | 840 | 2050 | 1660 | 3 | 1477 | 183 | 0.00512719 | 224.92176707 | 49.7058185095 | 72.8434006986 | 0.16856411 | 0.000101544644578 | -0.000182240000 | 0.168381870000 | 1 | 15 | 1.23493975904 | 0.813676604446 | 183 | 505 | 972 | 183 | 0 | 0 |
| sim_data.csv | 90.96248828 | 218.822000000 | 295 | 1016 | 2500 | 1984 | 3 | 1778 | 206 | 0.00501012 | 224.92176707 | 44.0783315529 | 68.4779423451 | 0.19373045 | 0.0000976463961694 | -0.000200600000 | 0.193529850000 | 1 | 49 | 1.26008064516 | 1.37439270724 | 206 | 629 | 1149 | 206 | 0 | 0 |
| sim_data.csv | 199.97779524 | 228.672000000 | 203 | 1192 | 3059 | 2308 | 3 | 2069 | 239 | 0.00501012 | 265.79855963 | 39.8250804820 | 65.3458036173 | 0.21699121 | 0.0000940169887348 | -0.000138040000 | 0.216853170000 | 1 | 102 | 1.32538994801 | 2.52122607188 | 239 | 776 | 1293 | 239 | 0 | 0 |
| sim_data.csv | 158.82690375 | 215.272750000 | 129 | 1360 | 3617 | 2640 | 3 | 2385 | 255 | 0.00501012 | 265.79855963 | 36.8925804314 | 61.9563589992 | 0.23436974 | 0.0000887764166667 | -0.0000877200000 | 0.234282020000 | 1 | 102 | 1.37007575758 | 3.02205082734 | 255 | 829 | 1556 | 255 | 0 | 0 |
| sim_data.csv | 8.91001829 | 207.686000000 | 22 | 1526 | 4197 | 2974 | 3 | 2692 | 282 | 0.00501012 | 265.79855963 | 35.3760055437 | 58.7484091548 | 0.24814858 | 0.0000834393342300 | -0.0000149600000 | 0.248133620000 | 1 | 102 | 1.41123066577 | 3.22035575456 | 282 | 884 | 1808 | 282 | 0 | 0 |
| sim_data.csv | 13.03891337 | 192.249800000 | 110 | 1705 | 4597 | 3295 | 3 | 3001 | 294 | 0.00020846 | 265.79855963 | 32.0738440271 | 56.4986034935 | 0.25559913 | 0.0000775718148710 | -0.0000748000000 | 0.255524330000 | 1 | 102 | 1.39514415781 | 3.08538293058 | 294 | 919 | 2082 | 294 | 0 | 0 |
| sim_data.csv | 5.42798352 | 185.364181818 | 19 | 1878 | 5147 | 3622 | 3 | 3287 | 335 | 0.00020846 | 265.79855963 | 29.4453325788 | 54.6544864567 | 0.26036583 | 0.0000718845472115 | -0.0000129200000 | 0.260352910000 | 1 | 102 | 1.42103810050 | 3.01102259752 | 335 | 938 | 2349 | 335 | 0 | 0 |
| sim_data.csv | 5.00336870 | 170.565166667 | 7 | 2074 | 5658 | 3925 | 3 | 3590 | 335 | 0.00020846 | 265.79855963 | 27.0066340568 | 52.9103834115 | 0.26344907 | 0.0000671207821656 | -0.00000476000000 | 0.263444310000 | 1 | 102 | 1.44152866242 | 2.90101000146 | 335 | 966 | 2624 | 335 | 0 | 0 |
| sim_data.csv | 2.89415733 | 158.954000000 | 10 | 2243 | 6150 | 4256 | 3 | 3916 | 340 | 0.00020846 | 265.79855963 | 24.8020226532 | 51.1856546312 | 0.27397261 | 0.0000643732636278 | -0.00000680000000 | 0.273965810000 | 1 | 102 | 1.44501879699 | 2.80996775383 | 340 | 1001 | 2915 | 340 | 0 | 0 |
| sim_data.csv | 0.87676124 | 149.146857143 | 9 | 2418 | 6643 | 4581 | 3 | 4233 | 348 | 0.00020846 | 265.79855963 | 23.2960692640 | 49.5463952833 | 0.27836828 | 0.0000607658327876 | -0.00000612000000 | 0.278362160000 | 1 | 102 | 1.45012006112 | 2.74091800968 | 348 | 1032 | 3201 | 348 | 0 | 0 |
| sim_data.csv | 282.90834505 | 143.058000000 | 120 | 2572 | 7026 | 4927 | 3 | 4573 | 354 | 0.00020846 | 265.79855963 | 22.6800860580 | 48.2675486410 | 0.32786117 | 0.0000665437730871 | -0.0000816000000 | 0.327779570000 | 1 | 102 | 1.42601989040 | 2.64654856286 | 354 | 1084 | 3489 | 354 | 0 | 0 |
| sim_data.csv | 343.09463683 | 143.676625000 | 97 | 2735 | 7484 | 5264 | 3 | 4845 | 419 | 0.00020846 | 265.79855963 | 21.6706629430 | 47.1057704862 | 0.35744242 | 0.0000679031952888 | -0.0000659600000 | 0.357376460000 | 1 | 102 | 1.42173252280 | 2.57465960625 | 419 | 1166 | 3679 | 419 | 0 | 0 |
| sim_data.csv | 265.71660812 | 142.084941176 | 127 | 2892 | 7899 | 5607 | 3 | 5133 | 474 | 0.00020846 | 265.79855963 | 21.5276350983 | 48.3750717131 | 0.38398726 | 0.0000684835491350 | -0.0000863600000 | 0.383900900000 | 1 | 102 | 1.40877474585 | 2.49855785313 | 474 | 1358 | 3775 | 474 | 0 | 0 |
| sim_data.csv | 19.93575004 | 143.306333333 | 157 | 3064 | 8321 | 5935 | 3 | 5413 | 522 | 0.00020846 | 265.79855963 | 22.1505546459 | 50.3187450535 | 0.40603850 | 0.0000684142375737 | -0.000106760000 | 0.405931740000 | 1 | 102 | 1.40202190396 | 2.43723972320 | 522 | 1541 | 3872 | 522 | 0 | 0 |
| sim_data.csv | 4.28022562 | 140.175473684 | 11 | 3230 | 8917 | 6269 | 3 | 5697 | 572 | 0.00020846 | 265.79855963 | 21.0547443008 | 49.2811074115 | 0.41455099 | 0.0000661271319190 | -0.00000748000000 | 0.414543510000 | 1 | 102 | 1.42239591641 | 2.44497503825 | 572 | 1597 | 4100 | 572 | 0 | 0 |
| sim_data.csv | 39.48104377 | 134.141000000 | 32 | 3404 | 9380 | 6595 | 3 | 6007 | 588 | 0.00013512 | 265.79855963 | 20.0844231465 | 48.1851525740 | 0.42095818 | 0.0000638298984079 | -0.0000217600000 | 0.420936420000 | 1 | 102 | 1.42228961334 | 2.39973090908 | 588 | 1645 | 4362 | 588 | 0 | 0 |
| sim_data.csv | 27.17706951 | 131.756285714 | 146 | 3570 | 9751 | 6929 | 3 | 6326 | 603 | 0.00013512 | 265.79855963 | 19.3977429339 | 47.0707848443 | 0.42676530 | 0.0000615911819887 | -0.0000992800000 | 0.426666020000 | 1 | 102 | 1.40727377688 | 2.34756622418 | 603 | 1653 | 4673 | 603 | 0 | 0 |
| sim_data.csv | 19.55600689 | 131.895181818 | 194 | 3730 | 10177 | 7269 | 3 | 6640 | 629 | 0.00013512 | 265.79855963 | 18.8648072110 | 46.0173844244 | 0.43278886 | 0.0000595389819783 | -0.000131920000 | 0.432656940000 | 1 | 102 | 1.40005502820 | 2.30689664894 | 629 | 1671 | 4969 | 629 | 0 | 0 |
| sim_data.csv | 18.12206058 | 129.887913043 | 34 | 3897 | 10764 | 7602 | 3 | 6900 | 702 | 0.00008942 | 265.79855963 | 18.1688896042 | 45.2790265171 | 0.43959181 | 0.0000578258103131 | -0.0000231200000 | 0.439568690000 | 1 | 102 | 1.41594317285 | 2.28408598092 | 702 | 1701 | 5199 | 702 | 0 | 0 |
| sim_data.csv | 15.53294166 | 126.235554812 | 73 | 4065 | 11167 | 7893 | 3 | 7174 | 719 | 0.00008942 | 265.79855963 | 17.5077775295 | 44.5299095347 | 0.44469284 | 0.0000563401545673 | -0.0000496400000 | 0.444643200000 | 1 | 102 | 1.41479792221 | 2.26024590617 | 719 | 1716 | 5458 | 719 | 0 | 0 |
----END SIMULATION RESULTS----


