----BEGIN SIMULATION RESULTS----
Scenario: sim_data.csv
| Scenario File | Current Balance | Mean #UTXO | Current #UTXO | #Deposits | #Inputs Spent | #Withdraws | #Uneconomical outputs spent | #Change Created | #Changeless | Min Change Value | Max Change Value | Mean Change Value | Std. Dev. of Change Value | Total Fees | Mean Fees per Withdraw | Cost to Empty | Total Cost | Min Input Size | Max Input Size | Mean Input Size | Std. Dev. of Input Size | BnB Usage | SRD Usage | Knapsack Usage | #BnB no change | #SRD no change | #Knapsack no change |
| sim_data.csv | 0.10000000 | 0 | 1 | 0 | 0 | 0 | 0 | 0 | 0 | 0 | 0 | 0 | 0 | 0 | 0 | -6.80000000E-7 | -6.80000000E-7 | 0 | 0 | 0 | 0 | 0 | 0 | 0 | 0 | 0 | 0 |
| sim_data.csv | 636.11958706 | 47.1740000000 | 91 | 179 | 395 | 321 | 0 | 306 | 15 | 0.00501310 | 216.02509091 | 21.1106019718 | 58.6417624664 | 0.04847860 | 0.000151023676012 | -0.0000618800000 | 0.0484167200000 | 1 | 10 | 1.23052959502 | 0.849523414129 | 15 | 58 | 248 | 15 | 0 | 0 |
| sim_data.csv | 626.47711102 | 102.417000000 | 234 | 341 | 744 | 659 | 0 | 636 | 23 | 0.00501310 | 216.02509091 | 27.9237278024 | 64.8981070925 | 0.08171335 | 0.000123995978756 | -0.000159120000 | 0.081554230000 | 1 | 10 | 1.12898330804 | 0.613966647135 | 23 | 106 | 530 | 23 | 0 | 0 |
| sim_data.csv | 683.25219757 | 161.449333333 | 302 | 511 | 1131 | 989 | 0 | 921 | 68 | 0.00501310 | 216.02509091 | 34.5673068601 | 70.1849144503 | 0.11258150 | 0.000113833670374 | -0.000205360000 | 0.112376140000 | 1 | 15 | 1.14357937310 | 0.736286041315 | 68 | 240 | 681 | 68 | 0 | 0 |
| sim_data.csv | 201.74751527 | 201.143000000 | 327 | 671 | 1551 | 1329 | 0 | 1206 | 123 | 0.00501310 | 224.90425251 | 40.1773253282 | 71.3442816376 | 0.13938614 | 0.000104880466516 | -0.000222360000 | 0.139163780000 | 1 | 15 | 1.16704288939 | 0.726497455693 | 123 | 398 | 808 | 123 | 0 | 0 |
| sim_data.csv | 123.56305197 | 217.285600000 | 303 | 840 | 2016 | 1660 | 0 | 1478 | 182 | 0.00501310 | 224.90425251 | 38.6212521197 | 68.2905442905 | 0.16721090 | 0.000100729457831 | -0.000206040000 | 0.167004860000 | 1 | 15 | 1.21445783133 | 0.754992629789 | 182 | 519 | 959 | 182 | 0 | 0 |
| sim_data.csv | 90.96360589 | 230.883666667 | 285 | 1016 | 2491 | 1984 | 0 | 1759 | 225 | 0.00501310 | 224.90425251 | 33.5776392922 | 64.1311535024 | 0.19261284 | 0.0000970830846774 | -0.000193800000 | 0.192419040000 | 1 | 15 | 1.25554435484 | 0.937652730769 | 225 | 686 | 1073 | 225 | 0 | 0 |
| sim_data.csv | 199.97885449 | 240.194571429 | 293 | 1192 | 2958 | 2308 | 0 | 2058 | 250 | 0.00501310 | 224.90425251 | 29.8739338744 | 60.2157117748 | 0.21593196 | 0.0000935580415945 | -0.000199240000 | 0.215732720000 | 1 | 15 | 1.28162911612 | 1.02270307296 | 250 | 821 | 1237 | 250 | 0 | 0 |
| sim_data.csv | 158.82879818 | 233.204250000 | 139 | 1360 | 3597 | 2640 | 0 | 2375 | 265 | 0.00501310 | 224.90425251 | 28.0812514452 | 57.7506859913 | 0.23247531 | 0.0000880588295455 | -0.0000945200000 | 0.232380790000 | 1 | 100 | 1.36250000000 | 3.17113780932 | 265 | 869 | 1506 | 265 | 0 | 0 |
| sim_data.csv | 8.91186814 | 225.448666667 | 81 | 1526 | 4125 | 2974 | 0 | 2679 | 295 | 0.00085376 | 224.90425251 | 25.9001600030 | 54.7655314184 | 0.24629873 | 0.0000828173268325 | -0.0000550800000 | 0.246243650000 | 1 | 100 | 1.38702084734 | 3.22658915363 | 295 | 882 | 1797 | 295 | 0 | 0 |
| sim_data.csv | 13.04043208 | 210.106800000 | 112 | 1705 | 4577 | 3295 | 0 | 2983 | 312 | 0.00057016 | 224.90425251 | 23.5572298477 | 52.3751596415 | 0.25408042 | 0.0000771109013657 | -0.0000761600000 | 0.254004260000 | 1 | 100 | 1.38907435508 | 3.20552832822 | 312 | 920 | 2063 | 312 | 0 | 0 |
| sim_data.csv | 5.42940517 | 201.307454545 | 10 | 1878 | 5135 | 3622 | 0 | 3266 | 356 | 0.00026481 | 224.90425251 | 21.6651424795 | 50.4330307881 | 0.25894418 | 0.0000714920430701 | -0.00000680000000 | 0.258937380000 | 1 | 100 | 1.41772501380 | 3.11950072013 | 356 | 937 | 2329 | 356 | 0 | 0 |
| sim_data.csv | 5.00479593 | 185.088166667 | 7 | 2074 | 5636 | 3925 | 0 | 3568 | 357 | 0.00026481 | 224.90425251 | 19.8803438305 | 48.6071646108 | 0.26202184 | 0.0000667571566879 | -0.00000476000000 | 0.262017080000 | 1 | 100 | 1.43592356688 | 3.00335926334 | 357 | 969 | 2599 | 357 | 0 | 0 |
| sim_data.csv | 2.89564476 | 172.303538462 | 19 | 2243 | 6119 | 4256 | 0 | 3894 | 362 | 0.00026481 | 224.90425251 | 18.2654206913 | 46.8339507854 | 0.27248518 | 0.0000640237734962 | -0.0000129200000 | 0.272472260000 | 1 | 100 | 1.43773496241 | 2.90125382211 | 362 | 1002 | 2892 | 362 | 0 | 0 |
| sim_data.csv | 0.87818500 | 161.883000000 | 9 | 2418 | 6626 | 4581 | 0 | 4216 | 365 | 0.00026481 | 224.90425251 | 17.2550638829 | 45.1876885835 | 0.27694452 | 0.0000604550360183 | -0.00000612000000 | 0.276938400000 | 1 | 100 | 1.44640908099 | 2.85440337947 | 365 | 1029 | 3187 | 365 | 0 | 0 |
| sim_data.csv | 282.90917514 | 154.299066667 | 89 | 2572 | 7041 | 4927 | 0 | 4557 | 370 | 0.00026481 | 224.90425251 | 16.9465059199 | 43.9667362790 | 0.32703108 | 0.0000663752953115 | -0.0000605200000 | 0.326970560000 | 1 | 100 | 1.42906433935 | 2.77988533613 | 370 | 1099 | 3458 | 370 | 0 | 0 |
| sim_data.csv | 343.09705502 | 152.570250000 | 130 | 2735 | 7450 | 5264 | 0 | 4844 | 420 | 0.00026481 | 224.90425251 | 16.3618920127 | 42.8071347547 | 0.35502423 | 0.0000674438126900 | -0.0000884000000 | 0.354935830000 | 1 | 100 | 1.41527355623 | 2.69559608775 | 420 | 1227 | 3617 | 420 | 0 | 0 |
| sim_data.csv | 265.71810959 | 150.519411765 | 115 | 2892 | 7897 | 5607 | 0 | 5119 | 488 | 0.00026481 | 273.54581866 | 17.0902889890 | 45.8564889815 | 0.38248579 | 0.0000682157642233 | -0.0000782000000 | 0.382407590000 | 1 | 100 | 1.40841804887 | 2.62091544399 | 488 | 1431 | 3688 | 488 | 0 | 0 |
| sim_data.csv | 19.93729111 | 150.254444444 | 154 | 3064 | 8313 | 5935 | 0 | 5402 | 533 | 0.00026481 | 273.54581866 | 17.7415923789 | 47.8095188258 | 0.40449743 | 0.0000681545796125 | -0.000104720000 | 0.404392710000 | 1 | 100 | 1.40067396799 | 2.55321513656 | 533 | 1612 | 3790 | 533 | 0 | 0 |
| sim_data.csv | 4.28185034 | 146.799157895 | 12 | 3230 | 8895 | 6269 | 0 | 5676 | 593 | 0.00005462 | 273.54581866 | 16.8999490142 | 46.7906891060 | 0.41292627 | 0.0000658679645877 | -0.00000816000000 | 0.412918110000 | 1 | 100 | 1.41888658478 | 2.52959520853 | 593 | 1654 | 4022 | 593 | 0 | 0 |
| sim_data.csv | 39.48263489 | 140.308000000 | 23 | 3404 | 9367 | 6595 | 1 | 5985 | 610 | 0.00005462 | 273.54581866 | 16.1157869777 | 45.7009988382 | 0.41936706 | 0.0000635886368461 | -0.0000156400000 | 0.419351420000 | 1 | 100 | 1.42031842305 | 2.48321258807 | 610 | 1702 | 4283 | 610 | 0 | 0 |
| sim_data.csv | 27.17872161 | 137.565142857 | 146 | 3570 | 9732 | 6929 | 1 | 6307 | 622 | 0.00005462 | 273.54581866 | 15.7804327307 | 44.5715869363 | 0.42511320 | 0.0000613527493145 | -0.0000992800000 | 0.425013920000 | 1 | 100 | 1.40453167845 | 2.42910736729 | 622 | 1711 | 4596 | 622 | 0 | 0 |
| sim_data.csv | 19.55770430 | 137.797000000 | 191 | 3730 | 10155 | 7269 | 1 | 6615 | 654 | 0.00005462 | 273.54581866 | 15.4350660149 | 43.5598712046 | 0.43109145 | 0.0000593054684276 | -0.000129880000 | 0.430961570000 | 1 | 100 | 1.39702847709 | 2.38552366256 | 654 | 1735 | 4880 | 654 | 0 | 0 |
| sim_data.csv | 18.12404601 | 136.906608696 | 77 | 3897 | 10704 | 7602 | 1 | 6883 | 719 | 0.00005462 | 273.54581866 | 14.8855841189 | 42.7936874033 | 0.43760638 | 0.0000575646382531 | -0.0000523600000 | 0.437554020000 | 1 | 100 | 1.40805051302 | 2.35373966773 | 719 | 1785 | 5098 | 719 | 0 | 0 |
| sim_data.csv | 15.53461990 | 133.958692198 | 51 | 4065 | 11154 | 7893 | 1 | 7139 | 754 | 0.00005462 | 273.54581866 | 14.3841888847 | 42.1005536847 | 0.44301460 | 0.0000561275307234 | -0.0000346800000 | 0.442979920000 | 1 | 100 | 1.41315089320 | 2.33116447132 | 754 | 1814 | 5325 | 754 | 0 | 0 |
----END SIMULATION RESULTS----


