----BEGIN SIMULATION RESULTS----
Scenario: ../../coin-selection-simulation/scenarios/bustabit-2019-2020-tiny.csv
| Scenario File | Current Balance | Mean #UTXO | Current #UTXO | #Deposits | #Inputs Spent | #Withdraws | #Uneconomical outputs spent | #Change Created | #Changeless | Min Change Value | Max Change Value | Mean Change Value | Std. Dev. of Change Value | Total Fees | Mean Fees per Withdraw | Cost to Empty | Total Cost | Min Input Size | Max Input Size | Mean Input Size | Std. Dev. of Input Size | BnB Usage | SRD Usage | Knapsack Usage | #BnB no change | #SRD no change | #Knapsack no change |
| ../../coin-selection-simulation/scenarios/bustabit-2019-2020-tiny.csv | 0.10000000 | 0 | 1 | 0 | 0 | 0 | 0 | 0 | 0 | 0 | 0 | 0 | 0 | 0 | 0 | -6.80000000E-7 | -6.80000000E-7 | 0 | 0 | 0 | 0 | 0 | 0 | 0 | 0 | 0 | 0 |
| ../../coin-selection-simulation/scenarios/bustabit-2019-2020-tiny.csv | 0.31893435 | 27.1500000000 | 30 | 267 | 432 | 233 | 0 | 194 | 39 | 0.00001189 | 0.09918988 | 0.0234612494330 | 0.0258921073093 | 0.01400915 | 0.0000601251072961 | -0.0000204000000 | 0.0139887500000 | 1 | 14 | 1.85407725322 | 1.80401686213 | 39 | 194 | 0 | 39 | 0 | 0 |
| ../../coin-selection-simulation/scenarios/bustabit-2019-2020-tiny.csv | 9.11109232 | 53.4880000000 | 163 | 594 | 767 | 406 | 0 | 335 | 71 | 0.00001189 | 4.94218618 | 0.709354596478 | 1.36193330393 | 0.03229354 | 0.0000795407389163 | -0.000110840000 | 0.032182700000 | 1 | 67 | 1.88916256158 | 3.69317432311 | 71 | 335 | 0 | 71 | 0 | 0 |
| ../../coin-selection-simulation/scenarios/bustabit-2019-2020-tiny.csv | 12.43828710 | 128.525333333 | 376 | 961 | 1007 | 539 | 0 | 421 | 118 | 0.00001189 | 4.94218618 | 0.746274515582 | 1.24708764490 | 0.04280018 | 0.0000794066419295 | -0.000255680000 | 0.042544500000 | 1 | 67 | 1.86827458256 | 3.32212575140 | 118 | 421 | 0 | 118 | 0 | 0 |
| ../../coin-selection-simulation/scenarios/bustabit-2019-2020-tiny.csv | 25.85447947 | 203.763500000 | 393 | 1318 | 1404 | 682 | 0 | 478 | 204 | 0.00001189 | 4.94218618 | 0.670601625941 | 1.18953817421 | 0.05372468 | 0.0000787751906158 | -0.000267240000 | 0.053457440000 | 1 | 67 | 2.05865102639 | 3.19913120524 | 204 | 478 | 0 | 204 | 0 | 0 |
| ../../coin-selection-simulation/scenarios/bustabit-2019-2020-tiny.csv | 30.87414666 | 235.462800000 | 342 | 1682 | 1877 | 818 | 0 | 536 | 282 | 0.00001189 | 4.94218618 | 0.608791837407 | 1.14012338271 | 0.06642982 | 0.0000812100488998 | -0.000232560000 | 0.066197260000 | 1 | 100 | 2.29462102689 | 4.70994628868 | 282 | 536 | 0 | 282 | 0 | 0 |
| ../../coin-selection-simulation/scenarios/bustabit-2019-2020-tiny.csv | 31.94257616 | 245.765666667 | 287 | 2010 | 2341 | 990 | 0 | 617 | 373 | 0.00001189 | 4.94218618 | 0.540794972382 | 1.07869868112 | 0.08448665 | 0.0000853400505051 | -0.000195160000 | 0.084291490000 | 1 | 100 | 2.36464646465 | 4.40990733875 | 373 | 617 | 0 | 373 | 0 | 0 |
| ../../coin-selection-simulation/scenarios/bustabit-2019-2020-tiny.csv | 84.81771852 | 262.200857143 | 479 | 2421 | 2593 | 1079 | 0 | 650 | 429 | 0.00001189 | 4.94218618 | 0.519101416138 | 1.05626712260 | 0.09490264 | 0.0000879542539388 | -0.000325720000 | 0.094576920000 | 1 | 100 | 2.40315106580 | 4.28718906296 | 429 | 650 | 0 | 429 | 0 | 0 |
| ../../coin-selection-simulation/scenarios/bustabit-2019-2020-tiny.csv | 162.26722843 | 299.728750000 | 638 | 2827 | 2876 | 1173 | 0 | 686 | 487 | 0.00001189 | 4.94218618 | 0.514897450802 | 1.03883419897 | 0.10506564 | 0.0000895700255754 | -0.000433840000 | 0.104631800000 | 1 | 100 | 2.45183290708 | 4.24068227326 | 487 | 686 | 0 | 487 | 0 | 0 |
| ../../coin-selection-simulation/scenarios/bustabit-2019-2020-tiny.csv | 316.56287323 | 347.740000000 | 891 | 3232 | 3083 | 1268 | 0 | 741 | 527 | 0.00001189 | 4.94218618 | 0.505237986316 | 1.00658234818 | 0.11339163 | 0.0000894255757098 | -0.000605880000 | 0.112785750000 | 1 | 100 | 2.43138801262 | 4.11275863009 | 527 | 741 | 0 | 527 | 0 | 0 |
| ../../coin-selection-simulation/scenarios/bustabit-2019-2020-tiny.csv | 312.71673228 | 405.337000000 | 983 | 3588 | 3429 | 1412 | 0 | 823 | 589 | 0.00001189 | 4.94218618 | 0.492349702928 | 0.962523637737 | 0.13018689 | 0.0000922003470255 | -0.000668440000 | 0.129518450000 | 1 | 100 | 2.42847025496 | 3.94862251554 | 589 | 823 | 0 | 589 | 0 | 0 |
| ../../coin-selection-simulation/scenarios/bustabit-2019-2020-tiny.csv | 370.32707205 | 464.852545455 | 1100 | 3962 | 3751 | 1538 | 0 | 888 | 650 | 0.00001189 | 4.94218618 | 0.486120823840 | 0.933904611977 | 0.14366508 | 0.0000934103250975 | -0.000748000000 | 0.142917080000 | 1 | 100 | 2.43888166450 | 3.85494594612 | 650 | 888 | 0 | 650 | 0 | 0 |
| ../../coin-selection-simulation/scenarios/bustabit-2019-2020-tiny.csv | 369.74867494 | 520.957666667 | 1184 | 4303 | 4095 | 1697 | 0 | 975 | 722 | 0.00001189 | 4.94218618 | 0.474988686769 | 0.899596502455 | 0.16272079 | 0.0000958873246906 | -0.000805120000 | 0.161915670000 | 1 | 100 | 2.41308190925 | 3.70471314915 | 722 | 975 | 0 | 722 | 0 | 0 |
| ../../coin-selection-simulation/scenarios/bustabit-2019-2020-tiny.csv | 422.06817338 | 575.453076923 | 1301 | 4678 | 4413 | 1822 | 0 | 1035 | 787 | 0.00001189 | 9.99735350 | 0.470749400696 | 0.926934385672 | 0.17505793 | 0.0000960800933041 | -0.000884680000 | 0.174173250000 | 1 | 100 | 2.42206366630 | 3.64037046354 | 787 | 1035 | 0 | 787 | 0 | 0 |
| ../../coin-selection-simulation/scenarios/bustabit-2019-2020-tiny.csv | 462.24090056 | 628.177000000 | 1340 | 5022 | 4800 | 1978 | 0 | 1117 | 861 | 0.00001189 | 9.99735350 | 0.460826456321 | 0.899149651841 | 0.18553412 | 0.0000937988473205 | -0.000911200000 | 0.184622920000 | 1 | 100 | 2.42669362993 | 3.55631553156 | 861 | 1117 | 0 | 861 | 0 | 0 |
| ../../coin-selection-simulation/scenarios/bustabit-2019-2020-tiny.csv | 448.10152234 | 679.816933333 | 1463 | 5373 | 5113 | 2127 | 0 | 1202 | 925 | 0.00001189 | 9.99735350 | 0.461178640291 | 0.914813505931 | 0.20397645 | 0.0000958986600846 | -0.000994840000 | 0.202981610000 | 1 | 100 | 2.40385519511 | 3.46790745553 | 925 | 1202 | 0 | 925 | 0 | 0 |
| ../../coin-selection-simulation/scenarios/bustabit-2019-2020-tiny.csv | 440.07291405 | 725.528000000 | 1438 | 5662 | 5567 | 2338 | 0 | 1342 | 996 | 0.00001189 | 9.99735350 | 0.457151451192 | 0.913954643811 | 0.22280322 | 0.0000952965012831 | -0.000977840000 | 0.221825380000 | 1 | 100 | 2.38109495295 | 3.36672053895 | 996 | 1342 | 0 | 996 | 0 | 0 |
| ../../coin-selection-simulation/scenarios/bustabit-2019-2020-tiny.csv | 448.54415155 | 768.504470588 | 1480 | 5993 | 5966 | 2507 | 0 | 1452 | 1055 | 0.00001189 | 9.99735350 | 0.445772078815 | 0.885091256044 | 0.23264842 | 0.0000927995293179 | -0.00100640000 | 0.23164202000 | 1 | 100 | 2.37973673714 | 3.30484243045 | 1055 | 1452 | 0 | 1055 | 0 | 0 |
| ../../coin-selection-simulation/scenarios/bustabit-2019-2020-tiny.csv | 455.17611551 | 812.343333333 | 1584 | 6301 | 6291 | 2699 | 0 | 1573 | 1126 | 0.00001189 | 9.99735350 | 0.438378142098 | 0.857438806238 | 0.25262394 | 0.0000935990885513 | -0.00107712000 | 0.25154682000 | 1 | 100 | 2.33086328270 | 3.21663687920 | 1126 | 1573 | 0 | 1126 | 0 | 0 |
| ../../coin-selection-simulation/scenarios/bustabit-2019-2020-tiny.csv | 458.09721363 | 853.466105263 | 1618 | 6598 | 6686 | 2902 | 0 | 1705 | 1197 | 0.00001189 | 9.99735350 | 0.428996567824 | 0.830301096136 | 0.26908996 | 0.0000927256926258 | -0.00110024000 | 0.26798972000 | 1 | 100 | 2.30392832529 | 3.13193375365 | 1197 | 1705 | 0 | 1197 | 0 | 0 |
| ../../coin-selection-simulation/scenarios/bustabit-2019-2020-tiny.csv | 444.49865332 | 893.631800000 | 1688 | 6926 | 7052 | 3074 | 0 | 1813 | 1261 | 0.00001189 | 9.99735350 | 0.421363639470 | 0.809973343808 | 0.28106137 | 0.0000914318054652 | -0.00114784000 | 0.27991353000 | 1 | 100 | 2.29407937541 | 3.08424675026 | 1261 | 1813 | 0 | 1261 | 0 | 0 |
| ../../coin-selection-simulation/scenarios/bustabit-2019-2020-tiny.csv | 380.21569395 | 930.428476190 | 1634 | 7224 | 7534 | 3276 | 0 | 1943 | 1333 | 0.00001189 | 9.99735350 | 0.410891236938 | 0.787631613170 | 0.30397709 | 0.0000927890995116 | -0.00111112000 | 0.30286597000 | 1 | 100 | 2.29975579976 | 3.07800072936 | 1333 | 1943 | 0 | 1333 | 0 | 0 |
| ../../coin-selection-simulation/scenarios/bustabit-2019-2020-tiny.csv | 370.10477858 | 962.590818182 | 1672 | 7562 | 7925 | 3438 | 0 | 2034 | 1404 | 0.00001189 | 9.99735350 | 0.405886813717 | 0.773311823986 | 0.31687955 | 0.0000921697353112 | -0.00113696000 | 0.31574259000 | 1 | 100 | 2.30511925538 | 3.05163258276 | 1404 | 2034 | 0 | 1404 | 0 | 0 |
| ../../coin-selection-simulation/scenarios/bustabit-2019-2020-tiny.csv | 382.39715814 | 995.491391304 | 1767 | 7902 | 8274 | 3598 | 0 | 2138 | 1460 | 0.00001189 | 9.99735350 | 0.400580362736 | 0.758668906186 | 0.32946867 | 0.0000915699471929 | -0.00120156000 | 0.32826711000 | 1 | 100 | 2.29961089494 | 3.00934599508 | 1460 | 2138 | 0 | 1460 | 0 | 0 |
| ../../coin-selection-simulation/scenarios/bustabit-2019-2020-tiny.csv | 370.75052841 | 1029.56883333 | 1837 | 8232 | 8638 | 3768 | 0 | 2242 | 1526 | 0.00001189 | 9.99735350 | 0.395555417832 | 0.744950614134 | 0.34747379 | 0.0000922170355626 | -0.00124916000 | 0.34622463000 | 1 | 100 | 2.29246284501 | 2.96880989836 | 1526 | 2242 | 0 | 1526 | 0 | 0 |
| ../../coin-selection-simulation/scenarios/bustabit-2019-2020-tiny.csv | 387.51897971 | 1065.14216000 | 1989 | 8569 | 8918 | 3931 | 0 | 2337 | 1594 | 0.00001189 | 9.99735350 | 0.385154789619 | 0.732685508531 | 0.36118653 | 0.0000918815899262 | -0.00135252000 | 0.35983401000 | 1 | 100 | 2.26863393539 | 2.92381302178 | 1594 | 2337 | 0 | 1594 | 0 | 0 |
| ../../coin-selection-simulation/scenarios/bustabit-2019-2020-tiny.csv | 396.79651402 | 1101.79746154 | 2037 | 8898 | 9286 | 4102 | 0 | 2424 | 1678 | 0.00001189 | 9.99735350 | 0.382445365796 | 0.722395454076 | 0.37689265 | 0.0000918802169673 | -0.00138516000 | 0.37550749000 | 1 | 100 | 2.26377376889 | 2.88301523245 | 1678 | 2424 | 0 | 1678 | 0 | 0 |
| ../../coin-selection-simulation/scenarios/bustabit-2019-2020-tiny.csv | 390.50878504 | 1135.94451852 | 2058 | 9186 | 9695 | 4314 | 0 | 2566 | 1748 | 0.00001189 | 9.99735350 | 0.375443205951 | 0.706934625274 | 0.39378382 | 0.0000912804404265 | -0.00139944000 | 0.39238438000 | 1 | 100 | 2.24733426055 | 2.85896535466 | 1748 | 2566 | 0 | 1748 | 0 | 0 |
| ../../coin-selection-simulation/scenarios/bustabit-2019-2020-tiny.csv | 391.11049489 | 1170.64335714 | 2162 | 9481 | 10024 | 4519 | 0 | 2704 | 1815 | 0.00001189 | 9.99735350 | 0.369194261864 | 0.692786341903 | 0.41689717 | 0.0000922542974109 | -0.00147016000 | 0.41542701000 | 1 | 100 | 2.21818986501 | 2.80898706311 | 1815 | 2704 | 0 | 1815 | 0 | 0 |
| ../../coin-selection-simulation/scenarios/bustabit-2019-2020-tiny.csv | 388.88895555 | 1205.73931034 | 2243 | 9785 | 10376 | 4715 | 0 | 2833 | 1882 | 0.00001189 | 9.99735350 | 0.362278546463 | 0.680460173574 | 0.43420197 | 0.0000920894952280 | -0.00152524000 | 0.43267673000 | 1 | 100 | 2.20063626723 | 2.76287429159 | 1882 | 2833 | 0 | 1882 | 0 | 0 |
| ../../coin-selection-simulation/scenarios/bustabit-2019-2020-tiny.csv | 385.78422938 | 1240.27260000 | 2246 | 10050 | 10804 | 4950 | 0 | 2999 | 1951 | 0.00001189 | 9.99735350 | 0.353535692397 | 0.665255583319 | 0.45078749 | 0.0000910681797980 | -0.00152728000 | 0.44926021000 | 1 | 100 | 2.18262626263 | 2.71681211459 | 1951 | 2999 | 0 | 1951 | 0 | 0 |
----END SIMULATION RESULTS----


