----BEGIN SIMULATION RESULTS----
Scenario: ../../coin-selection-simulation/scenarios/bustabit-2019-2020-tiny.csv
| Scenario File | Current Balance | Mean #UTXO | Current #UTXO | #Deposits | #Inputs Spent | #Withdraws | #Uneconomical outputs spent | #Change Created | #Changeless | Min Change Value | Max Change Value | Mean Change Value | Std. Dev. of Change Value | Total Fees | Mean Fees per Withdraw | Cost to Empty | Total Cost | Min Input Size | Max Input Size | Mean Input Size | Std. Dev. of Input Size | BnB Usage | SRD Usage | Knapsack Usage | #BnB no change | #SRD no change | #Knapsack no change |
| ../../coin-selection-simulation/scenarios/bustabit-2019-2020-tiny.csv | 0.10000000 | 0 | 1 | 0 | 0 | 0 | 0 | 0 | 0 | 0 | 0 | 0 | 0 | 0 | 0 | -6.80000000E-7 | -6.80000000E-7 | 0 | 0 | 0 | 0 | 0 | 0 | 0 | 0 | 0 | 0 |
| ../../coin-selection-simulation/scenarios/bustabit-2019-2020-tiny.csv | 0.31894515 | 28.8860000000 | 26 | 267 | 443 | 233 | 2 | 201 | 32 | 0.00033189 | 0.10396942 | 0.0227571863682 | 0.0248239146010 | 0.01399835 | 0.0000600787553648 | -0.0000176800000 | 0.0139806700000 | 1 | 16 | 1.90128755365 | 1.93730350921 | 32 | 44 | 157 | 32 | 0 | 0 |
| ../../coin-selection-simulation/scenarios/bustabit-2019-2020-tiny.csv | 9.11271693 | 72.4910000000 | 197 | 594 | 726 | 406 | 2 | 328 | 78 | 0.00013472 | 1.31998244 | 0.109718806006 | 0.186543492444 | 0.03066893 | 0.0000755392364532 | -0.000133960000 | 0.030534970000 | 1 | 16 | 1.78817733990 | 1.83907065314 | 78 | 57 | 271 | 78 | 0 | 0 |
| ../../coin-selection-simulation/scenarios/bustabit-2019-2020-tiny.csv | 12.44064554 | 145.918000000 | 401 | 961 | 997 | 539 | 2 | 436 | 103 | 0.00013472 | 1.31998244 | 0.197796162867 | 0.283425695246 | 0.04044174 | 0.0000750310575139 | -0.000272680000 | 0.040169060000 | 1 | 27 | 1.84972170686 | 2.27922060729 | 103 | 71 | 365 | 103 | 0 | 0 |
| ../../coin-selection-simulation/scenarios/bustabit-2019-2020-tiny.csv | 25.85722865 | 225.367500000 | 458 | 1318 | 1365 | 682 | 2 | 504 | 178 | 0.00013472 | 9.98462313 | 0.308501852679 | 1.15023643704 | 0.05097550 | 0.0000747441348974 | -0.000311440000 | 0.050664060000 | 1 | 27 | 2.00146627566 | 2.29824632554 | 178 | 93 | 411 | 178 | 0 | 0 |
| ../../coin-selection-simulation/scenarios/bustabit-2019-2020-tiny.csv | 30.87741545 | 277.743200000 | 528 | 1682 | 1744 | 818 | 2 | 589 | 229 | 0.00013472 | 9.98462313 | 0.518710917114 | 1.74876777914 | 0.06316103 | 0.0000772139731051 | -0.000359040000 | 0.062801990000 | 1 | 100 | 2.13202933985 | 4.15515206162 | 229 | 126 | 463 | 229 | 0 | 0 |
| ../../coin-selection-simulation/scenarios/bustabit-2019-2020-tiny.csv | 31.94700261 | 314.272666667 | 515 | 2010 | 2191 | 990 | 2 | 695 | 295 | 0.00013472 | 9.98462313 | 0.588278780950 | 1.79228030099 | 0.08006020 | 0.0000808688888889 | -0.000350200000 | 0.079710000000 | 1 | 100 | 2.21313131313 | 4.02545355613 | 295 | 166 | 529 | 295 | 0 | 0 |
| ../../coin-selection-simulation/scenarios/bustabit-2019-2020-tiny.csv | 84.82280706 | 356.303142857 | 741 | 2421 | 2421 | 1079 | 2 | 740 | 339 | 0.00013472 | 9.98462313 | 0.563742927176 | 1.74246910051 | 0.08981410 | 0.0000832382761816 | -0.000503880000 | 0.089310220000 | 1 | 100 | 2.24374420760 | 3.90029912670 | 339 | 174 | 566 | 339 | 0 | 0 |
| ../../coin-selection-simulation/scenarios/bustabit-2019-2020-tiny.csv | 162.27334781 | 421.121750000 | 978 | 2827 | 2647 | 1173 | 2 | 797 | 376 | 0.00013472 | 9.98462313 | 0.537028250753 | 1.68351267707 | 0.09894626 | 0.0000843531628303 | -0.000665040000 | 0.098281220000 | 1 | 100 | 2.25660699062 | 3.78831521440 | 376 | 195 | 602 | 376 | 0 | 0 |
| ../../coin-selection-simulation/scenarios/bustabit-2019-2020-tiny.csv | 316.56940011 | 495.468888889 | 1261 | 3232 | 2831 | 1268 | 2 | 859 | 409 | 0.00013472 | 9.98462313 | 0.509442052154 | 1.62626074605 | 0.10686475 | 0.0000842781940063 | -0.000857480000 | 0.106007270000 | 1 | 100 | 2.23264984227 | 3.66583323465 | 409 | 220 | 639 | 409 | 0 | 0 |
| ../../coin-selection-simulation/scenarios/bustabit-2019-2020-tiny.csv | 312.72615418 | 579.973600000 | 1449 | 3588 | 3097 | 1412 | 2 | 957 | 455 | 0.00013472 | 9.98462313 | 0.484976097889 | 1.54856741222 | 0.12076499 | 0.0000855276133144 | -0.000985320000 | 0.119779670000 | 1 | 100 | 2.19334277620 | 3.49812316005 | 455 | 250 | 707 | 455 | 0 | 0 |
| ../../coin-selection-simulation/scenarios/bustabit-2019-2020-tiny.csv | 370.33775253 | 667.390909091 | 1629 | 3962 | 3363 | 1538 | 2 | 1029 | 509 | 0.00013472 | 9.98462313 | 0.462528200554 | 1.49794295814 | 0.13298460 | 0.0000864659297789 | -0.00110772000 | 0.13187688000 | 1 | 100 | 2.18660598179 | 3.38309203248 | 509 | 278 | 751 | 509 | 0 | 0 |
| ../../coin-selection-simulation/scenarios/bustabit-2019-2020-tiny.csv | 369.76031501 | 752.225000000 | 1749 | 4303 | 3680 | 1697 | 2 | 1125 | 572 | 0.00013472 | 9.98462313 | 0.443290592436 | 1.43673103872 | 0.15108072 | 0.0000890281202121 | -0.00118932000 | 0.14989140000 | 1 | 100 | 2.16853270477 | 3.25252076104 | 572 | 337 | 788 | 572 | 0 | 0 |
| ../../coin-selection-simulation/scenarios/bustabit-2019-2020-tiny.csv | 422.08021665 | 835.258461538 | 1921 | 4678 | 3962 | 1822 | 2 | 1204 | 618 | 0.00013472 | 9.98462313 | 0.431109676047 | 1.39231429167 | 0.16301466 | 0.0000894701756312 | -0.00130628000 | 0.16170838000 | 1 | 100 | 2.17453347969 | 3.20732432939 | 618 | 376 | 828 | 618 | 0 | 0 |
| ../../coin-selection-simulation/scenarios/bustabit-2019-2020-tiny.csv | 462.25360312 | 915.907571429 | 2003 | 5022 | 4318 | 1978 | 2 | 1298 | 680 | 0.00013472 | 9.98462313 | 0.409786869784 | 1.34427651386 | 0.17283156 | 0.0000873769261881 | -0.00136204000 | 0.17146952000 | 1 | 100 | 2.18301314459 | 3.13817273169 | 680 | 407 | 891 | 680 | 0 | 0 |
| ../../coin-selection-simulation/scenarios/bustabit-2019-2020-tiny.csv | 448.11553785 | 994.400133333 | 2190 | 5373 | 4579 | 2127 | 2 | 1395 | 732 | 0.00013472 | 9.98462313 | 0.401581186136 | 1.30069348563 | 0.18996094 | 0.0000893093276916 | -0.00148920000 | 0.18847174000 | 1 | 100 | 2.15279736718 | 3.05232980551 | 732 | 472 | 923 | 732 | 0 | 0 |
| ../../coin-selection-simulation/scenarios/bustabit-2019-2020-tiny.csv | 440.08812686 | 1069.51787500 | 2236 | 5662 | 4974 | 2338 | 2 | 1547 | 791 | 0.00013472 | 9.98462313 | 0.382293292696 | 1.24010779385 | 0.20759041 | 0.0000887897390932 | -0.00152048000 | 0.20606993000 | 1 | 100 | 2.12745936698 | 2.94217681506 | 791 | 564 | 983 | 791 | 0 | 0 |
| ../../coin-selection-simulation/scenarios/bustabit-2019-2020-tiny.csv | 448.56030167 | 1140.06694118 | 2332 | 5993 | 5335 | 2507 | 2 | 1673 | 834 | 0.00013472 | 9.98462313 | 0.369505549295 | 1.19616239864 | 0.21649830 | 0.0000863575189469 | -0.00158576000 | 0.21491254000 | 1 | 100 | 2.12804148385 | 2.91676899568 | 834 | 621 | 1052 | 834 | 0 | 0 |
| ../../coin-selection-simulation/scenarios/bustabit-2019-2020-tiny.csv | 455.19271978 | 1211.50711111 | 2466 | 6301 | 5643 | 2699 | 2 | 1807 | 892 | 0.00013472 | 9.98462313 | 0.361003843392 | 1.15429002957 | 0.23601967 | 0.0000874470804001 | -0.00167688000 | 0.23434279000 | 1 | 100 | 2.09077436087 | 2.84637286791 | 892 | 702 | 1105 | 892 | 0 | 0 |
| ../../coin-selection-simulation/scenarios/bustabit-2019-2020-tiny.csv | 458.11430482 | 1278.93778947 | 2540 | 6598 | 6010 | 2902 | 2 | 1951 | 951 | 0.00013472 | 9.98462313 | 0.348572136371 | 1.11430116083 | 0.25199877 | 0.0000868362405238 | -0.00172720000 | 0.25027157000 | 1 | 100 | 2.07098552722 | 2.76541008298 | 951 | 777 | 1174 | 951 | 0 | 0 |
| ../../coin-selection-simulation/scenarios/bustabit-2019-2020-tiny.csv | 444.51562580 | 1344.11840000 | 2592 | 6926 | 6414 | 3074 | 2 | 2079 | 995 | 0.00013472 | 9.98462313 | 0.338414340476 | 1.08205425630 | 0.26408889 | 0.0000859105042290 | -0.00176256000 | 0.26232633000 | 1 | 100 | 2.08653220560 | 2.81429700495 | 995 | 843 | 1236 | 995 | 0 | 0 |
| ../../coin-selection-simulation/scenarios/bustabit-2019-2020-tiny.csv | 380.23412697 | 1403.16514286 | 2569 | 7224 | 6884 | 3276 | 2 | 2228 | 1048 | 0.00013472 | 9.98462313 | 0.322658928420 | 1.04811148795 | 0.28554407 | 0.0000871624145299 | -0.00174692000 | 0.28379715000 | 1 | 100 | 2.10134310134 | 2.99976355762 | 1048 | 904 | 1324 | 1048 | 0 | 0 |
| ../../coin-selection-simulation/scenarios/bustabit-2019-2020-tiny.csv | 370.12346889 | 1456.25390909 | 2607 | 7562 | 7301 | 3438 | 2 | 2345 | 1093 | 0.00013472 | 9.98462313 | 0.314925918955 | 1.02374411186 | 0.29818924 | 0.0000867333449680 | -0.00177276000 | 0.29641648000 | 1 | 100 | 2.12361838278 | 3.13290430377 | 1093 | 966 | 1379 | 1093 | 0 | 0 |
| ../../coin-selection-simulation/scenarios/bustabit-2019-2020-tiny.csv | 382.41733032 | 1509.60269565 | 2761 | 7902 | 7608 | 3598 | 2 | 2466 | 1132 | 0.00013472 | 9.98462313 | 0.308691105357 | 1.00052092224 | 0.30929649 | 0.0000859634491384 | -0.00187748000 | 0.30741901000 | 1 | 100 | 2.11450806003 | 3.08190584569 | 1132 | 1028 | 1438 | 1132 | 0 | 0 |
| ../../coin-selection-simulation/scenarios/bustabit-2019-2020-tiny.csv | 370.77223379 | 1564.74541667 | 2899 | 8232 | 7917 | 3768 | 2 | 2583 | 1185 | 0.00013472 | 9.98462313 | 0.301947013670 | 0.979482637167 | 0.32576841 | 0.0000864565843949 | -0.00197132000 | 0.32379709000 | 1 | 100 | 2.10111464968 | 3.03411604679 | 1185 | 1087 | 1496 | 1185 | 0 | 0 |
| ../../coin-selection-simulation/scenarios/bustabit-2019-2020-tiny.csv | 387.54094727 | 1622.17304000 | 3083 | 8569 | 8177 | 3931 | 2 | 2690 | 1241 | 0.00013472 | 9.98462313 | 0.295024896565 | 0.961278526097 | 0.33921897 | 0.0000862933019588 | -0.00209644000 | 0.33712253000 | 1 | 100 | 2.08013228186 | 2.98212479244 | 1241 | 1150 | 1540 | 1241 | 0 | 0 |
| ../../coin-selection-simulation/scenarios/bustabit-2019-2020-tiny.csv | 396.81958076 | 1680.85384615 | 3206 | 8898 | 8496 | 4102 | 2 | 2803 | 1299 | 0.00013472 | 9.98462313 | 0.291708907588 | 0.943555905363 | 0.35382591 | 0.0000862569258898 | -0.00218008000 | 0.35164583000 | 1 | 100 | 2.07118478791 | 2.93509459945 | 1299 | 1225 | 1578 | 1299 | 0 | 0 |
| ../../coin-selection-simulation/scenarios/bustabit-2019-2020-tiny.csv | 390.53274458 | 1738.20659259 | 3294 | 9186 | 8841 | 4314 | 2 | 2948 | 1366 | 0.00013472 | 9.98462313 | 0.284869573267 | 0.922309199527 | 0.36982428 | 0.0000857265368567 | -0.00223992000 | 0.36758436000 | 1 | 100 | 2.04937413074 | 2.87882180017 | 1366 | 1296 | 1652 | 1366 | 0 | 0 |
| ../../coin-selection-simulation/scenarios/bustabit-2019-2020-tiny.csv | 391.13591647 | 1796.09471429 | 3438 | 9481 | 9137 | 4519 | 2 | 3093 | 1426 | 0.00013472 | 9.98462313 | 0.278730268222 | 0.902382009227 | 0.39147559 | 0.0000866288094711 | -0.00233784000 | 0.38913775000 | 1 | 100 | 2.02190750166 | 2.82336858594 | 1426 | 1382 | 1711 | 1426 | 0 | 0 |
| ../../coin-selection-simulation/scenarios/bustabit-2019-2020-tiny.csv | 388.91627728 | 1854.22744828 | 3549 | 9785 | 9473 | 4715 | 2 | 3236 | 1479 | 0.00013472 | 9.98462313 | 0.271518901363 | 0.883770125562 | 0.40688024 | 0.0000862948547190 | -0.00241332000 | 0.40446692000 | 1 | 100 | 2.00911983033 | 2.77514759542 | 1479 | 1452 | 1784 | 1479 | 0 | 0 |
| ../../coin-selection-simulation/scenarios/bustabit-2019-2020-tiny.csv | 385.81197180 | 1911.43360000 | 3585 | 10050 | 9879 | 4950 | 2 | 3413 | 1537 | 0.00013472 | 9.98462313 | 0.265064992781 | 0.862748688685 | 0.42304507 | 0.0000854636505051 | -0.00243780000 | 0.42060727000 | 1 | 100 | 1.99575757576 | 2.72735300555 | 1537 | 1535 | 1878 | 1537 | 0 | 0 |
----END SIMULATION RESULTS----


