----BEGIN SIMULATION RESULTS----
Scenario: sim_data.csv
| Scenario File | Current Balance | Mean #UTXO | Current #UTXO | #Deposits | #Inputs Spent | #Withdraws | #Uneconomical outputs spent | #Change Created | #Changeless | Min Change Value | Max Change Value | Mean Change Value | Std. Dev. of Change Value | Total Fees | Mean Fees per Withdraw | Cost to Empty | Total Cost | Min Input Size | Max Input Size | Mean Input Size | Std. Dev. of Input Size | BnB Usage | SRD Usage | Knapsack Usage | #BnB no change | #SRD no change | #Knapsack no change |
| sim_data.csv | 0.10000000 | 0 | 1 | 0 | 0 | 0 | 0 | 0 | 0 | 0 | 0 | 0 | 0 | 0 | 0 | -6.80000000E-7 | -6.80000000E-7 | 0 | 0 | 0 | 0 | 0 | 0 | 0 | 0 | 0 | 0 |
| sim_data.csv | 636.11671706 | 28.1780000000 | 63 | 179 | 435 | 321 | 0 | 318 | 3 | 0.00504315 | 222.31614455 | 46.4905289572 | 82.7537079712 | 0.05134860 | 0.000159964485981 | -0.0000428400000 | 0.0513057600000 | 1 | 21 | 1.35514018692 | 1.74956603431 | 3 | 318 | 0 | 3 | 0 | 0 |
| sim_data.csv | 626.47385514 | 79.3720000000 | 200 | 341 | 792 | 659 | 0 | 650 | 9 | 0.00504315 | 222.31614455 | 82.3495448570 | 96.6163540651 | 0.08496923 | 0.000128936616085 | -0.000136000000 | 0.084833230000 | 1 | 21 | 1.20182094082 | 1.24636725310 | 9 | 650 | 0 | 9 | 0 | 0 |
| sim_data.csv | 683.24980314 | 139.589333333 | 307 | 511 | 1154 | 989 | 0 | 949 | 40 | 0.00504315 | 222.31614455 | 90.4153545112 | 92.9897951039 | 0.11497593 | 0.000116254732053 | -0.000208760000 | 0.114767170000 | 1 | 21 | 1.16683518706 | 1.06160074789 | 40 | 949 | 0 | 40 | 0 | 0 |
| sim_data.csv | 201.74137049 | 172.762500000 | 229 | 671 | 1679 | 1329 | 0 | 1236 | 93 | 0.00504315 | 229.00639296 | 94.7617727306 | 92.1407929582 | 0.14553092 | 0.000109504078254 | -0.000155720000 | 0.145375200000 | 1 | 56 | 1.26335590670 | 2.13014533567 | 93 | 1236 | 0 | 93 | 0 | 0 |
| sim_data.csv | 123.55858077 | 188.282400000 | 292 | 840 | 2087 | 1660 | 0 | 1538 | 122 | 0.00502392 | 229.00639296 | 93.3107541786 | 88.6442871328 | 0.17168210 | 0.000103422951807 | -0.000198560000 | 0.171483540000 | 1 | 56 | 1.25722891566 | 1.92336028863 | 122 | 1538 | 0 | 122 | 0 | 0 |
| sim_data.csv | 90.95992114 | 206.730000000 | 308 | 1016 | 2538 | 1984 | 0 | 1829 | 155 | 0.00501317 | 229.00639296 | 81.1804497148 | 86.4806619462 | 0.19629759 | 0.0000989403175403 | -0.000209440000 | 0.196088150000 | 1 | 56 | 1.27923387097 | 1.97044532616 | 155 | 1829 | 0 | 155 | 0 | 0 |
| sim_data.csv | 199.96966999 | 214.969428571 | 138 | 1192 | 3187 | 2308 | 0 | 2132 | 176 | 0.00501317 | 229.00639296 | 72.4111908754 | 83.4317462193 | 0.22511646 | 0.0000975374610052 | -0.0000938400000 | 0.225022620000 | 1 | 100 | 1.38084922010 | 3.47448645830 | 176 | 2132 | 0 | 176 | 0 | 0 |
| sim_data.csv | 158.81961676 | 205.905000000 | 144 | 1360 | 3675 | 2640 | 0 | 2458 | 182 | 0.00501317 | 229.00639296 | 65.2696415589 | 80.1528965231 | 0.24165673 | 0.0000915366401515 | -0.0000979200000 | 0.241558810000 | 1 | 100 | 1.39204545455 | 3.78831858402 | 182 | 2458 | 0 | 182 | 0 | 0 |
| sim_data.csv | 8.90041771 | 200.166000000 | 18 | 1526 | 4280 | 2974 | 0 | 2771 | 203 | 0.00501317 | 229.00639296 | 59.8167139520 | 77.2782998540 | 0.25774916 | 0.0000866675050437 | -0.0000122400000 | 0.257736920000 | 1 | 101 | 1.43913920646 | 4.33007785537 | 203 | 2771 | 0 | 203 | 0 | 0 |
| sim_data.csv | 13.02881434 | 184.793400000 | 107 | 1705 | 4684 | 3295 | 0 | 3085 | 210 | 0.00501317 | 229.00639296 | 54.0143586223 | 75.2422177980 | 0.26569816 | 0.0000806367708649 | -0.0000727600000 | 0.265625400000 | 1 | 101 | 1.42154779970 | 4.14496974260 | 210 | 3085 | 0 | 210 | 0 | 0 |
| sim_data.csv | 5.41773147 | 174.809454545 | 31 | 1878 | 5212 | 3622 | 0 | 3364 | 258 | 0.00501317 | 229.00639296 | 49.7120237478 | 73.4626837746 | 0.27061788 | 0.0000747150414136 | -0.0000210800000 | 0.270596800000 | 1 | 101 | 1.43898398675 | 4.00524426523 | 258 | 3364 | 0 | 258 | 0 | 0 |
| sim_data.csv | 4.97829729 | 160.962500000 | 5 | 2074 | 5737 | 3925 | 0 | 3667 | 258 | 0.00501317 | 229.00639296 | 45.6579964694 | 71.6468578630 | 0.27372931 | 0.0000697399515924 | -0.00000340000000 | 0.273725910000 | 1 | 101 | 1.46165605096 | 3.85641499380 | 258 | 3667 | 0 | 258 | 0 | 0 |
| sim_data.csv | 2.86922412 | 149.902923077 | 23 | 2243 | 6216 | 4256 | 0 | 3995 | 261 | 0.00501317 | 229.00639296 | 41.9674482463 | 69.7428736123 | 0.28411465 | 0.0000667562617481 | -0.0000156400000 | 0.284099010000 | 1 | 101 | 1.46052631579 | 3.71421408011 | 261 | 3995 | 0 | 261 | 0 | 0 |
| sim_data.csv | 0.85185596 | 142.282285714 | 9 | 2418 | 6721 | 4581 | 0 | 4311 | 270 | 0.00501317 | 229.00639296 | 39.2600820315 | 67.8498058475 | 0.28848239 | 0.0000629736716874 | -0.00000612000000 | 0.288476270000 | 1 | 101 | 1.46714691115 | 3.60931308740 | 270 | 4311 | 0 | 270 | 0 | 0 |
| sim_data.csv | 282.88107334 | 135.053333333 | 66 | 2572 | 7160 | 4927 | 0 | 4653 | 274 | 0.00501317 | 229.00639296 | 38.0760499605 | 66.4734422267 | 0.34034171 | 0.0000690768642176 | -0.0000448800000 | 0.340296830000 | 1 | 101 | 1.45321696773 | 3.51607198199 | 274 | 4653 | 0 | 274 | 0 | 0 |
| sim_data.csv | 343.06791095 | 132.317500000 | 107 | 2735 | 7588 | 5264 | 0 | 4959 | 305 | 0.00501317 | 274.34797638 | 36.9190864142 | 65.4274901347 | 0.36937713 | 0.0000701704274316 | -0.0000727600000 | 0.369304370000 | 1 | 101 | 1.44148936170 | 3.43003628434 | 305 | 4959 | 0 | 305 | 0 | 0 |
| sim_data.csv | 265.69053045 | 133.283764706 | 157 | 2892 | 7984 | 5607 | 0 | 5248 | 359 | 0.00501317 | 274.34797638 | 39.0911530099 | 68.3890677783 | 0.39527376 | 0.0000704964794007 | -0.000106760000 | 0.395167000000 | 1 | 101 | 1.42393436775 | 3.32611232385 | 359 | 5248 | 0 | 359 | 0 | 0 |
| sim_data.csv | 19.90953840 | 136.472333333 | 189 | 3064 | 8418 | 5935 | 0 | 5542 | 393 | 0.00501317 | 274.34797638 | 39.4365862071 | 68.4160225694 | 0.41745897 | 0.0000703384953665 | -0.000128520000 | 0.417330450000 | 1 | 101 | 1.41836562763 | 3.25477529312 | 393 | 5542 | 0 | 393 | 0 | 0 |
| sim_data.csv | 4.25380950 | 134.788736842 | 11 | 3230 | 9033 | 6269 | 0 | 5813 | 456 | 0.00501317 | 274.34797638 | 37.6079473285 | 67.3119740748 | 0.42617594 | 0.0000679814866805 | -0.00000748000000 | 0.426168460000 | 1 | 101 | 1.44089966502 | 3.20570430587 | 456 | 5813 | 0 | 456 | 0 | 0 |
| sim_data.csv | 39.45456716 | 128.960600000 | 36 | 3404 | 9495 | 6595 | 0 | 6126 | 469 | 0.00500109 | 274.34797638 | 35.8979282798 | 66.0103701842 | 0.43264362 | 0.0000656017619409 | -0.0000244800000 | 0.432619140000 | 1 | 101 | 1.43972706596 | 3.14035228635 | 469 | 6126 | 0 | 469 | 0 | 0 |
| sim_data.csv | 27.15061967 | 127.057428571 | 130 | 3570 | 9883 | 6929 | 0 | 6442 | 487 | 0.00500109 | 274.34797638 | 34.6574968659 | 64.6222211873 | 0.43842397 | 0.0000632737725502 | -0.0000884000000 | 0.438335570000 | 1 | 101 | 1.42632414490 | 3.07340521921 | 487 | 6442 | 0 | 487 | 0 | 0 |
| sim_data.csv | 19.52961924 | 128.330636364 | 189 | 3730 | 10293 | 7269 | 0 | 6751 | 518 | 0.00500109 | 274.34797638 | 33.1743333469 | 63.4895559983 | 0.44438534 | 0.0000611343155867 | -0.000128520000 | 0.444256820000 | 1 | 101 | 1.41601320677 | 3.00513173414 | 518 | 6751 | 0 | 518 | 0 | 0 |
| sim_data.csv | 18.09561995 | 127.355304348 | 24 | 3897 | 10884 | 7602 | 0 | 7010 | 592 | 0.00500109 | 274.34797638 | 31.9566298569 | 62.6149597069 | 0.45124127 | 0.0000593582307288 | -0.0000163200000 | 0.451224950000 | 1 | 101 | 1.43172849250 | 2.95657887575 | 592 | 7010 | 0 | 592 | 0 | 0 |
| sim_data.csv | 15.50667777 | 124.240153859 | 81 | 4065 | 11270 | 7893 | 0 | 7285 | 608 | 0.00500109 | 274.34797638 | 30.8317410745 | 61.6869907740 | 0.45616556 | 0.0000577936855442 | -0.0000550800000 | 0.456110480000 | 1 | 101 | 1.42784745977 | 2.91500129163 | 608 | 7285 | 0 | 608 | 0 | 0 |
----END SIMULATION RESULTS----


