----BEGIN SIMULATION RESULTS----
Scenario: sim_data.csv
| Scenario File | Current Balance | Mean #UTXO | Current #UTXO | #Deposits | #Inputs Spent | #Withdraws | #Uneconomical outputs spent | #Change Created | #Changeless | Min Change Value | Max Change Value | Mean Change Value | Std. Dev. of Change Value | Total Fees | Mean Fees per Withdraw | Cost to Empty | Total Cost | Min Input Size | Max Input Size | Mean Input Size | Std. Dev. of Input Size | BnB Usage | SRD Usage | Knapsack Usage | #BnB no change | #SRD no change | #Knapsack no change |
| sim_data.csv | 0.10000000 | 0 | 1 | 0 | 0 | 0 | 0 | 0 | 0 | 0 | 0 | 0 | 0 | 0 | 0 | -6.80000000E-7 | -6.80000000E-7 | 0 | 0 | 0 | 0 | 0 | 0 | 0 | 0 | 0 | 0 |
| sim_data.csv | 636.11662501 | 28.8800000000 | 61 | 179 | 436 | 321 | 0 | 317 | 4 | 0.00506437 | 215.10709497 | 31.2859892182 | 70.3552059709 | 0.05144065 | 0.000160251246106 | -0.0000414800000 | 0.0513991700000 | 1 | 18 | 1.35825545171 | 1.52459074739 | 4 | 317 | 0 | 4 | 0 | 0 |
| sim_data.csv | 626.47336273 | 75.9700000000 | 192 | 341 | 801 | 659 | 0 | 651 | 8 | 0.00505303 | 215.10709497 | 69.5499263866 | 93.8839562272 | 0.08546164 | 0.000129683823976 | -0.000130560000 | 0.085331080000 | 1 | 18 | 1.21547799697 | 1.09946251336 | 8 | 651 | 0 | 8 | 0 | 0 |
| sim_data.csv | 683.24937153 | 133.524666667 | 297 | 511 | 1162 | 989 | 0 | 947 | 42 | 0.00505303 | 215.10709497 | 83.5495184286 | 91.2584894606 | 0.11540754 | 0.000116691142568 | -0.000201960000 | 0.115205580000 | 1 | 18 | 1.17492416582 | 0.933376895179 | 42 | 947 | 0 | 42 | 0 | 0 |
| sim_data.csv | 201.73940356 | 164.414500000 | 196 | 671 | 1727 | 1329 | 0 | 1251 | 78 | 0.00505303 | 238.07931665 | 88.0716501800 | 90.1674568722 | 0.14749785 | 0.000110984085779 | -0.000133280000 | 0.147364570000 | 1 | 156 | 1.29947328819 | 4.34685955322 | 78 | 1251 | 0 | 78 | 0 | 0 |
| sim_data.csv | 123.55754688 | 181.524000000 | 293 | 840 | 2107 | 1660 | 0 | 1559 | 101 | 0.00505303 | 238.07931665 | 93.0044399361 | 86.5946052988 | 0.17271599 | 0.000104045777108 | -0.000199240000 | 0.172516750000 | 1 | 156 | 1.26927710843 | 3.89623031772 | 101 | 1559 | 0 | 101 | 0 | 0 |
| sim_data.csv | 90.95890632 | 202.119000000 | 300 | 1016 | 2555 | 1984 | 0 | 1838 | 146 | 0.00505303 | 238.07931665 | 83.1283584532 | 84.2546402650 | 0.19731241 | 0.0000994518195565 | -0.000204000000 | 0.197108410000 | 1 | 156 | 1.28780241935 | 3.59782704764 | 146 | 1838 | 0 | 146 | 0 | 0 |
| sim_data.csv | 199.96878847 | 208.554000000 | 136 | 1192 | 3200 | 2308 | 0 | 2143 | 165 | 0.00505303 | 238.07931665 | 76.4616325516 | 80.7139263979 | 0.22599798 | 0.0000979194020797 | -0.0000924800000 | 0.225905500000 | 1 | 156 | 1.38648180243 | 4.41611396132 | 165 | 2143 | 0 | 165 | 0 | 0 |
| sim_data.csv | 158.81929228 | 204.721000000 | 168 | 1360 | 3656 | 2640 | 0 | 2463 | 177 | 0.00505303 | 238.07931665 | 70.1136724788 | 77.6162205753 | 0.24198121 | 0.0000916595492424 | -0.000114240000 | 0.241866970000 | 1 | 156 | 1.38484848485 | 4.33571288158 | 177 | 2463 | 0 | 177 | 0 | 0 |
| sim_data.csv | 8.90002612 | 197.093555556 | 17 | 1526 | 4287 | 2974 | 0 | 2777 | 197 | 0.00505303 | 238.07931665 | 63.7715791634 | 75.4150040463 | 0.25814075 | 0.0000867991761937 | -0.0000115600000 | 0.258129190000 | 1 | 156 | 1.44149293880 | 4.76234105117 | 197 | 2777 | 0 | 197 | 0 | 0 |
| sim_data.csv | 13.02901788 | 183.259200000 | 130 | 1705 | 4669 | 3295 | 0 | 3093 | 202 | 0.00505303 | 238.07931665 | 57.4006052118 | 73.9138101432 | 0.26549462 | 0.0000805749984825 | -0.0000884000000 | 0.265406220000 | 1 | 156 | 1.41699544765 | 4.54242125397 | 202 | 3093 | 0 | 202 | 0 | 0 |
| sim_data.csv | 5.41804232 | 175.052181818 | 32 | 1878 | 5214 | 3622 | 0 | 3367 | 255 | 0.00502883 | 238.07931665 | 52.9035659565 | 72.4389848831 | 0.27030703 | 0.0000746292186637 | -0.0000217600000 | 0.270285270000 | 1 | 156 | 1.43953616786 | 4.37777831207 | 255 | 3367 | 0 | 255 | 0 | 0 |
| sim_data.csv | 4.97860677 | 161.287666667 | 5 | 2074 | 5740 | 3925 | 0 | 3670 | 255 | 0.00502883 | 238.07931665 | 48.5935161247 | 70.8560896367 | 0.27341983 | 0.0000696611031847 | -0.00000340000000 | 0.273416430000 | 1 | 156 | 1.46242038217 | 4.21394301704 | 255 | 3670 | 0 | 255 | 0 | 0 |
| sim_data.csv | 2.86955560 | 150.259384615 | 25 | 2243 | 6216 | 4256 | 0 | 3997 | 259 | 0.00502883 | 238.07931665 | 44.6843167503 | 69.1473066619 | 0.28378317 | 0.0000666783764098 | -0.0000170000000 | 0.283766170000 | 1 | 156 | 1.46052631579 | 4.05500860801 | 259 | 3997 | 0 | 259 | 0 | 0 |
| sim_data.csv | 0.85216081 | 142.911857143 | 8 | 2418 | 6727 | 4581 | 0 | 4316 | 265 | 0.00502883 | 238.07931665 | 41.8276744422 | 67.3452603378 | 0.28817754 | 0.0000629071250819 | -0.00000544000000 | 0.288172100000 | 1 | 156 | 1.46845666885 | 3.94837570906 | 265 | 4316 | 0 | 265 | 0 | 0 |
| sim_data.csv | 282.88150903 | 135.705600000 | 74 | 2572 | 7156 | 4927 | 0 | 4657 | 270 | 0.00502883 | 238.07931665 | 40.2811300868 | 65.5969490892 | 0.33990602 | 0.0000689884351532 | -0.0000503200000 | 0.339855700000 | 1 | 156 | 1.45240511467 | 3.83147289315 | 270 | 4657 | 0 | 270 | 0 | 0 |
| sim_data.csv | 343.06796254 | 132.305625000 | 121 | 2735 | 7588 | 5264 | 0 | 4973 | 291 | 0.00502883 | 238.07931665 | 39.6665183069 | 63.8881712109 | 0.36932554 | 0.0000701606268997 | -0.0000822800000 | 0.369243260000 | 1 | 156 | 1.44148936170 | 3.81786501074 | 291 | 4973 | 0 | 291 | 0 | 0 |
| sim_data.csv | 265.68903696 | 132.044235294 | 110 | 2892 | 8033 | 5607 | 0 | 5250 | 357 | 0.00502883 | 273.36352359 | 41.1714036396 | 67.7210005486 | 0.39676725 | 0.0000707628410915 | -0.0000748000000 | 0.396692450000 | 1 | 156 | 1.43267344391 | 3.70722925350 | 357 | 5250 | 0 | 357 | 0 | 0 |
| sim_data.csv | 19.90785599 | 133.061000000 | 138 | 3064 | 8465 | 5935 | 0 | 5538 | 397 | 0.00502883 | 273.36352359 | 44.6182891765 | 71.5096464040 | 0.41914138 | 0.0000706219679865 | -0.0000938400000 | 0.419047540000 | 1 | 156 | 1.42628475147 | 3.61203050063 | 397 | 5538 | 0 | 397 | 0 | 0 |
| sim_data.csv | 4.25208962 | 130.430736842 | 8 | 3230 | 9042 | 6269 | 0 | 5819 | 450 | 0.00502883 | 273.36352359 | 42.4921207724 | 70.3973541580 | 0.42789582 | 0.0000682558334663 | -0.00000544000000 | 0.427890380000 | 1 | 156 | 1.44233530069 | 3.54311587503 | 450 | 5819 | 0 | 450 | 0 | 0 |
| sim_data.csv | 39.45285152 | 124.848800000 | 27 | 3404 | 9502 | 6595 | 0 | 6124 | 471 | 0.00502883 | 273.36352359 | 40.5457834578 | 69.1654895691 | 0.43435926 | 0.0000658619044731 | -0.0000183600000 | 0.434340900000 | 1 | 156 | 1.44078847612 | 3.46383078884 | 471 | 6124 | 0 | 471 | 0 | 0 |
| sim_data.csv | 27.14899964 | 123.153904762 | 146 | 3570 | 9869 | 6929 | 0 | 6444 | 485 | 0.00502883 | 273.36352359 | 39.0616408180 | 67.7594841740 | 0.44004400 | 0.0000635075768509 | -0.0000992800000 | 0.439944720000 | 1 | 156 | 1.42430365132 | 3.38589459766 | 485 | 6444 | 0 | 485 | 0 | 0 |
| sim_data.csv | 19.52790654 | 124.997181818 | 193 | 3730 | 10288 | 7269 | 0 | 6750 | 519 | 0.00502883 | 273.36352359 | 37.4339610287 | 66.6299099859 | 0.44609804 | 0.0000613699325905 | -0.000131240000 | 0.445966800000 | 1 | 156 | 1.41532535424 | 3.31104314503 | 519 | 6750 | 0 | 519 | 0 | 0 |
| sim_data.csv | 18.09397996 | 125.400695652 | 45 | 3897 | 10865 | 7602 | 0 | 7012 | 590 | 0.00502883 | 273.36352359 | 36.0418999476 | 65.7538926627 | 0.45288126 | 0.0000595739621152 | -0.0000306000000 | 0.452850660000 | 1 | 156 | 1.42922915022 | 3.25515439954 | 590 | 7012 | 0 | 590 | 0 | 0 |
| sim_data.csv | 15.50447714 | 121.608579313 | 49 | 4065 | 11307 | 7893 | 0 | 7290 | 603 | 0.00502883 | 273.36352359 | 34.7104874990 | 64.8342452139 | 0.45836619 | 0.0000580724933485 | -0.0000333200000 | 0.458332870000 | 1 | 156 | 1.43253515773 | 3.24793444774 | 603 | 7290 | 0 | 603 | 0 | 0 |
----END SIMULATION RESULTS----


