----BEGIN SIMULATION RESULTS----
Scenario: ../../coin-selection-simulation/scenarios/bustabit-2019-2020-tiny.csv
| Scenario File | Current Balance | Mean #UTXO | Current #UTXO | #Deposits | #Inputs Spent | #Withdraws | #Uneconomical outputs spent | #Change Created | #Changeless | Min Change Value | Max Change Value | Mean Change Value | Std. Dev. of Change Value | Total Fees | Mean Fees per Withdraw | Cost to Empty | Total Cost | Min Input Size | Max Input Size | Mean Input Size | Std. Dev. of Input Size | BnB Usage | SRD Usage | Knapsack Usage | #BnB no change | #SRD no change | #Knapsack no change |
| ../../coin-selection-simulation/scenarios/bustabit-2019-2020-tiny.csv | 0.10000000 | 0 | 1 | 0 | 0 | 0 | 0 | 0 | 0 | 0 | 0 | 0 | 0 | 0 | 0 | -6.80000000E-7 | -6.80000000E-7 | 0 | 0 | 0 | 0 | 0 | 0 | 0 | 0 | 0 | 0 |
| ../../coin-selection-simulation/scenarios/bustabit-2019-2020-tiny.csv | 0.31878990 | 30.1160000000 | 29 | 267 | 437 | 233 | 3 | 198 | 35 | 0.00001053 | 0.09999141 | 0.0172290989899 | 0.0254874378375 | 0.01415360 | 0.0000607450643777 | -0.0000197200000 | 0.0141338800000 | 1 | 11 | 1.87553648069 | 1.80204691797 | 34 | 55 | 144 | 34 | 0 | 1 |
| ../../coin-selection-simulation/scenarios/bustabit-2019-2020-tiny.csv | 9.11243236 | 73.1950000000 | 237 | 594 | 703 | 406 | 3 | 345 | 61 | 0.00001053 | 1.31998244 | 0.108649742493 | 0.206541375213 | 0.03095350 | 0.0000762401477833 | -0.000161160000 | 0.030792340000 | 1 | 25 | 1.73152709360 | 1.96747406728 | 59 | 68 | 279 | 59 | 0 | 2 |
| ../../coin-selection-simulation/scenarios/bustabit-2019-2020-tiny.csv | 12.43947099 | 132.885333333 | 349 | 961 | 1038 | 539 | 3 | 425 | 114 | 0.00001053 | 1.31998244 | 0.0972741570824 | 0.192911872915 | 0.04161629 | 0.0000772101855288 | -0.000237320000 | 0.041378970000 | 1 | 25 | 1.92578849722 | 2.31651238461 | 112 | 82 | 345 | 112 | 0 | 2 |
| ../../coin-selection-simulation/scenarios/bustabit-2019-2020-tiny.csv | 25.85577028 | 194.395500000 | 347 | 1318 | 1461 | 682 | 5 | 489 | 193 | 0.00001053 | 1.31998244 | 0.0936233005521 | 0.188656922575 | 0.05243387 | 0.0000768825073314 | -0.000235960000 | 0.052197910000 | 1 | 35 | 2.14222873900 | 2.72024114967 | 190 | 94 | 398 | 190 | 0 | 3 |
| ../../coin-selection-simulation/scenarios/bustabit-2019-2020-tiny.csv | 30.87549995 | 223.160400000 | 328 | 1682 | 1918 | 818 | 5 | 563 | 255 | 0.00001053 | 1.31998244 | 0.0851735997869 | 0.177688269754 | 0.06507653 | 0.0000795556601467 | -0.000223040000 | 0.064853490000 | 1 | 104 | 2.34474327628 | 4.66802220746 | 251 | 106 | 461 | 251 | 0 | 4 |
| ../../coin-selection-simulation/scenarios/bustabit-2019-2020-tiny.csv | 31.94442428 | 232.613000000 | 272 | 2010 | 2397 | 990 | 5 | 658 | 332 | 0.00001053 | 1.31998244 | 0.0813365352128 | 0.175164636762 | 0.08263853 | 0.0000834732626263 | -0.000184960000 | 0.082453570000 | 1 | 104 | 2.42121212121 | 4.41792407471 | 327 | 133 | 530 | 327 | 0 | 5 |
| ../../coin-selection-simulation/scenarios/bustabit-2019-2020-tiny.csv | 84.81991763 | 250.881142857 | 498 | 2421 | 2633 | 1079 | 6 | 709 | 370 | 0.00001053 | 1.31998244 | 0.0889969723131 | 0.185211334952 | 0.09270353 | 0.0000859161538462 | -0.000338640000 | 0.092364890000 | 1 | 104 | 2.44022242817 | 4.29564804870 | 365 | 144 | 570 | 365 | 0 | 5 |
| ../../coin-selection-simulation/scenarios/bustabit-2019-2020-tiny.csv | 162.27046236 | 298.335000000 | 742 | 2827 | 2853 | 1173 | 6 | 767 | 406 | 0.00001053 | 1.31998244 | 0.0967895191917 | 0.195759212024 | 0.10183171 | 0.0000868130520034 | -0.000504560000 | 0.101327150000 | 1 | 104 | 2.43222506394 | 4.17225742138 | 401 | 153 | 619 | 401 | 0 | 5 |
| ../../coin-selection-simulation/scenarios/bustabit-2019-2020-tiny.csv | 316.56668080 | 359.792666667 | 1026 | 3232 | 3041 | 1268 | 6 | 834 | 434 | 0.00001053 | 1.31998244 | 0.101548217110 | 0.200442523305 | 0.10958406 | 0.0000864227602524 | -0.000697680000 | 0.108886380000 | 1 | 104 | 2.39826498423 | 4.05038084512 | 428 | 159 | 681 | 428 | 0 | 6 |
| ../../coin-selection-simulation/scenarios/bustabit-2019-2020-tiny.csv | 312.72333108 | 432.768600000 | 1174 | 3588 | 3343 | 1412 | 6 | 928 | 484 | 0.00001053 | 1.31998244 | 0.105266812899 | 0.205993614640 | 0.12358809 | 0.0000875269759207 | -0.000798320000 | 0.122789770000 | 1 | 104 | 2.36756373938 | 3.88113926183 | 475 | 171 | 766 | 475 | 0 | 9 |
| ../../coin-selection-simulation/scenarios/bustabit-2019-2020-tiny.csv | 370.33575821 | 511.346000000 | 1391 | 3962 | 3589 | 1538 | 6 | 1017 | 521 | 0.00001053 | 1.31998244 | 0.110984936598 | 0.212893790204 | 0.13497892 | 0.0000877626267880 | -0.000945880000 | 0.134033040000 | 1 | 104 | 2.33355006502 | 3.76591300039 | 509 | 182 | 847 | 509 | 0 | 12 |
| ../../coin-selection-simulation/scenarios/bustabit-2019-2020-tiny.csv | 369.75831524 | 589.507166667 | 1504 | 4303 | 3906 | 1697 | 6 | 1106 | 591 | 0.00001053 | 1.31998244 | 0.116484915136 | 0.218774738625 | 0.15308049 | 0.0000902065350619 | -0.00102272000 | 0.15205777000 | 1 | 104 | 2.30170889806 | 3.61580038278 | 576 | 210 | 911 | 576 | 0 | 15 |
| ../../coin-selection-simulation/scenarios/bustabit-2019-2020-tiny.csv | 422.07856804 | 665.843538462 | 1681 | 4678 | 4187 | 1822 | 6 | 1189 | 633 | 0.00001053 | 1.31998244 | 0.118694806762 | 0.219988505227 | 0.16466327 | 0.0000903750109769 | -0.00114308000 | 0.16352019000 | 1 | 104 | 2.29802414929 | 3.55772765644 | 614 | 219 | 989 | 614 | 0 | 19 |
| ../../coin-selection-simulation/scenarios/bustabit-2019-2020-tiny.csv | 462.25197293 | 741.492714286 | 1769 | 5022 | 4542 | 1978 | 6 | 1288 | 690 | 0.00001053 | 1.31998244 | 0.118067089666 | 0.219164875662 | 0.17446175 | 0.0000882010869565 | -0.00120292000 | 0.17325883000 | 1 | 104 | 2.29625884732 | 3.46850795782 | 670 | 236 | 1072 | 670 | 0 | 20 |
| ../../coin-selection-simulation/scenarios/bustabit-2019-2020-tiny.csv | 448.11414836 | 815.512666667 | 1932 | 5373 | 4821 | 2127 | 6 | 1379 | 748 | 0.00001053 | 2.39999417 | 0.121615115635 | 0.232678258574 | 0.19135043 | 0.0000899625905031 | -0.00131376000 | 0.19003667000 | 1 | 104 | 2.26657263752 | 3.38094470108 | 726 | 253 | 1148 | 726 | 0 | 22 |
| ../../coin-selection-simulation/scenarios/bustabit-2019-2020-tiny.csv | 440.08707301 | 886.375375000 | 1993 | 5662 | 5205 | 2338 | 6 | 1535 | 803 | 0.00001053 | 2.88183155 | 0.125986615134 | 0.246901157417 | 0.20864426 | 0.0000892404875962 | -0.00135524000 | 0.20728902000 | 1 | 104 | 2.22626176219 | 3.27156990967 | 781 | 297 | 1260 | 781 | 0 | 22 |
| ../../coin-selection-simulation/scenarios/bustabit-2019-2020-tiny.csv | 448.55946728 | 953.793411765 | 2089 | 5993 | 5574 | 2507 | 6 | 1669 | 838 | 0.00001053 | 2.88183155 | 0.123604958862 | 0.244858299306 | 0.21733269 | 0.0000866903430395 | -0.00142052000 | 0.21591217000 | 1 | 104 | 2.22337455126 | 3.24110362285 | 815 | 318 | 1374 | 815 | 0 | 23 |
| ../../coin-selection-simulation/scenarios/bustabit-2019-2020-tiny.csv | 455.19212217 | 1022.16800000 | 2201 | 6301 | 5900 | 2699 | 6 | 1799 | 900 | 0.00001053 | 2.88183155 | 0.124495968232 | 0.249182307899 | 0.23661728 | 0.0000876684994442 | -0.00149668000 | 0.23512060000 | 1 | 104 | 2.18599481289 | 3.19159795104 | 874 | 375 | 1450 | 874 | 0 | 26 |
| ../../coin-selection-simulation/scenarios/bustabit-2019-2020-tiny.csv | 458.11438500 | 1086.12631579 | 2286 | 6598 | 6260 | 2902 | 6 | 1947 | 955 | 0.00001053 | 2.88183155 | 0.122710252681 | 0.244147807279 | 0.25191859 | 0.0000868086113025 | -0.00155448000 | 0.25036411000 | 1 | 104 | 2.15713301172 | 3.10243076391 | 927 | 402 | 1573 | 927 | 0 | 28 |
| ../../coin-selection-simulation/scenarios/bustabit-2019-2020-tiny.csv | 444.51619138 | 1148.35780000 | 2352 | 6926 | 6648 | 3074 | 6 | 2073 | 1001 | 0.00001053 | 2.88183155 | 0.123631878080 | 0.244583781740 | 0.26352331 | 0.0000857265159401 | -0.00159936000 | 0.26192395000 | 1 | 104 | 2.16265452180 | 3.13492408524 | 972 | 435 | 1667 | 972 | 0 | 29 |
| ../../coin-selection-simulation/scenarios/bustabit-2019-2020-tiny.csv | 380.23507036 | 1205.93942857 | 2353 | 7224 | 7082 | 3276 | 6 | 2210 | 1066 | 0.00001053 | 2.88183155 | 0.118638456520 | 0.238885974618 | 0.28460068 | 0.0000868744444444 | -0.00160004000 | 0.28300064000 | 1 | 104 | 2.16178266178 | 3.14534699062 | 1032 | 475 | 1769 | 1032 | 0 | 34 |
| ../../coin-selection-simulation/scenarios/bustabit-2019-2020-tiny.csv | 370.12436280 | 1258.22063636 | 2381 | 7562 | 7494 | 3438 | 6 | 2312 | 1126 | 0.00001053 | 2.88183155 | 0.116599650562 | 0.236294912677 | 0.29729533 | 0.0000864733362420 | -0.00161908000 | 0.29567625000 | 1 | 104 | 2.17975567190 | 3.19445033547 | 1089 | 506 | 1843 | 1089 | 0 | 37 |
| ../../coin-selection-simulation/scenarios/bustabit-2019-2020-tiny.csv | 382.41780218 | 1310.03991304 | 2524 | 7902 | 7804 | 3598 | 6 | 2425 | 1173 | 0.00001053 | 2.88183155 | 0.112958631893 | 0.231810988153 | 0.30882463 | 0.0000858323040578 | -0.00171632000 | 0.30710831000 | 1 | 104 | 2.16898276820 | 3.14478967603 | 1132 | 545 | 1921 | 1132 | 0 | 41 |
| ../../coin-selection-simulation/scenarios/bustabit-2019-2020-tiny.csv | 370.77239405 | 1363.79925000 | 2645 | 8232 | 8132 | 3768 | 6 | 2544 | 1224 | 0.00001053 | 2.88183155 | 0.111221277905 | 0.230398813129 | 0.32560815 | 0.0000864140525478 | -0.00179860000 | 0.32380955000 | 1 | 104 | 2.15817409766 | 3.09669528665 | 1180 | 570 | 2018 | 1180 | 0 | 44 |
| ../../coin-selection-simulation/scenarios/bustabit-2019-2020-tiny.csv | 387.54130981 | 1418.68648000 | 2812 | 8569 | 8420 | 3931 | 6 | 2662 | 1269 | 0.00001053 | 2.88183155 | 0.111744662491 | 0.229955307087 | 0.33885643 | 0.0000862010760621 | -0.00191216000 | 0.33694427000 | 1 | 104 | 2.14194861358 | 3.06514479912 | 1221 | 577 | 2133 | 1221 | 0 | 48 |
| ../../coin-selection-simulation/scenarios/bustabit-2019-2020-tiny.csv | 396.82074206 | 1474.71253846 | 2928 | 8898 | 8748 | 4102 | 6 | 2777 | 1325 | 0.00001053 | 2.88183155 | 0.112544293266 | 0.229640473586 | 0.35266461 | 0.0000859738200878 | -0.00199104000 | 0.35067357000 | 1 | 104 | 2.13261823501 | 3.02375604657 | 1274 | 603 | 2225 | 1274 | 0 | 51 |
| ../../coin-selection-simulation/scenarios/bustabit-2019-2020-tiny.csv | 390.53385870 | 1528.72437037 | 2977 | 9186 | 9131 | 4314 | 6 | 2921 | 1393 | 0.00001053 | 2.88183155 | 0.113318067545 | 0.233630992080 | 0.36871016 | 0.0000854682800185 | -0.00202436000 | 0.36668580000 | 1 | 104 | 2.11659712564 | 2.99726870202 | 1337 | 675 | 2302 | 1337 | 0 | 56 |
| ../../coin-selection-simulation/scenarios/bustabit-2019-2020-tiny.csv | 391.13722153 | 1583.07278571 | 3129 | 9481 | 9419 | 4519 | 6 | 3066 | 1453 | 0.00001053 | 2.88183155 | 0.112349428901 | 0.232198142919 | 0.39017053 | 0.0000863400154902 | -0.00212772000 | 0.38804281000 | 1 | 104 | 2.08431068821 | 2.94139592890 | 1391 | 714 | 2414 | 1391 | 0 | 62 |
| ../../coin-selection-simulation/scenarios/bustabit-2019-2020-tiny.csv | 388.91784345 | 1638.02620690 | 3252 | 9785 | 9746 | 4715 | 6 | 3212 | 1503 | 0.00001053 | 2.88183155 | 0.113038205479 | 0.234001083893 | 0.40531407 | 0.0000859626871686 | -0.00221136000 | 0.40310271000 | 1 | 104 | 2.06702014846 | 2.89282544231 | 1436 | 744 | 2535 | 1436 | 0 | 67 |
| ../../coin-selection-simulation/scenarios/bustabit-2019-2020-tiny.csv | 385.81358460 | 1691.55153333 | 3252 | 10050 | 10175 | 4950 | 6 | 3376 | 1574 | 0.00001053 | 2.88183155 | 0.111557408824 | 0.231502956984 | 0.42143227 | 0.0000851378323232 | -0.00221136000 | 0.41922091000 | 1 | 104 | 2.05555555556 | 2.84409049114 | 1502 | 778 | 2670 | 1502 | 0 | 72 |
----END SIMULATION RESULTS----


