----BEGIN SIMULATION RESULTS----
Scenario: sim_data.csv
| Scenario File | Current Balance | Mean #UTXO | Current #UTXO | #Deposits | #Inputs Spent | #Withdraws | #Uneconomical outputs spent | #Change Created | #Changeless | Min Change Value | Max Change Value | Mean Change Value | Std. Dev. of Change Value | Total Fees | Mean Fees per Withdraw | Cost to Empty | Total Cost | Min Input Size | Max Input Size | Mean Input Size | Std. Dev. of Input Size | BnB Usage | SRD Usage | Knapsack Usage | #BnB no change | #SRD no change | #Knapsack no change |
| sim_data.csv | 0.10000000 | 0 | 1 | 0 | 0 | 0 | 0 | 0 | 0 | 0 | 0 | 0 | 0 | 0 | 0 | -6.80000000E-7 | -6.80000000E-7 | 0 | 0 | 0 | 0 | 0 | 0 | 0 | 0 | 0 | 0 |
| sim_data.csv | 636.11995313 | 48.2460000000 | 106 | 179 | 388 | 321 | 0 | 314 | 7 | 0.00014439 | 201.37638461 | 28.9192715185 | 66.3385407952 | 0.04811253 | 0.000149883271028 | -0.0000720800000 | 0.0480404500000 | 1 | 11 | 1.20872274143 | 1.00158558097 | 7 | 32 | 282 | 7 | 0 | 0 |
| sim_data.csv | 626.47719676 | 111.526000000 | 229 | 341 | 747 | 659 | 0 | 634 | 25 | 0.00003587 | 216.02463667 | 48.9574394251 | 78.3111651987 | 0.08162761 | 0.000123865872534 | -0.000155720000 | 0.081471890000 | 1 | 11 | 1.13353566009 | 0.731664278811 | 25 | 119 | 515 | 25 | 0 | 0 |
| sim_data.csv | 683.25323564 | 166.654000000 | 325 | 511 | 1109 | 989 | 0 | 922 | 67 | 0.00003587 | 216.02463667 | 37.9126868338 | 70.9886430638 | 0.11154343 | 0.000112784054601 | -0.000221000000 | 0.111322430000 | 1 | 11 | 1.12133468150 | 0.666916159791 | 67 | 164 | 758 | 67 | 0 | 0 |
| sim_data.csv | 201.74730085 | 205.047500000 | 270 | 671 | 1575 | 1329 | 0 | 1173 | 156 | 0.00003587 | 224.92176707 | 34.1304196508 | 67.9871095560 | 0.13960056 | 0.000105041805869 | -0.000183600000 | 0.139416960000 | 1 | 11 | 1.18510158014 | 0.728334154787 | 156 | 272 | 901 | 156 | 0 | 0 |
| sim_data.csv | 123.56230781 | 207.675200000 | 223 | 840 | 2054 | 1660 | 0 | 1436 | 224 | 0.00003587 | 224.92176707 | 33.5109990506 | 66.8022489547 | 0.16795506 | 0.000101177746988 | -0.000151640000 | 0.167803420000 | 1 | 11 | 1.23734939759 | 0.782757346886 | 224 | 427 | 1009 | 224 | 0 | 0 |
| sim_data.csv | 90.96415404 | 211.936666667 | 255 | 1016 | 2481 | 1984 | 0 | 1719 | 265 | 0.00003587 | 224.92176707 | 31.9231681158 | 62.8911004040 | 0.19206469 | 0.0000968067993952 | -0.000173400000 | 0.191891290000 | 1 | 11 | 1.25050403226 | 0.801693711365 | 265 | 563 | 1156 | 265 | 0 | 0 |
| sim_data.csv | 199.97903952 | 216.798571429 | 169 | 1192 | 3046 | 2308 | 0 | 2022 | 286 | 0.00003587 | 224.92176707 | 28.8330150584 | 59.0427790314 | 0.21574693 | 0.0000934778726170 | -0.000114920000 | 0.215632010000 | 1 | 90 | 1.31975736568 | 2.12749448827 | 285 | 628 | 1395 | 285 | 0 | 1 |
| sim_data.csv | 158.82829201 | 200.843500000 | 115 | 1360 | 3585 | 2640 | 0 | 2339 | 301 | 0.00003587 | 224.92176707 | 27.3215743197 | 55.4593358274 | 0.23298148 | 0.0000882505606061 | -0.0000782000000 | 0.232903280000 | 1 | 90 | 1.35795454545 | 2.75353181552 | 300 | 640 | 1700 | 300 | 0 | 1 |
| sim_data.csv | 8.91158942 | 195.268666667 | 20 | 1526 | 4158 | 2974 | 0 | 2651 | 323 | 0.00003587 | 224.92176707 | 25.2784774457 | 52.4538939610 | 0.24657745 | 0.0000829110457297 | -0.0000136000000 | 0.246563850000 | 1 | 101 | 1.39811701412 | 3.29370810835 | 322 | 645 | 2007 | 322 | 0 | 1 |
| sim_data.csv | 13.04036148 | 180.393200000 | 93 | 1705 | 4569 | 3295 | 0 | 2956 | 339 | 0.00003587 | 224.92176707 | 23.0055195382 | 50.1365755245 | 0.25415102 | 0.0000771323277693 | -0.0000632400000 | 0.254087780000 | 1 | 101 | 1.38664643399 | 3.18625484356 | 338 | 661 | 2296 | 338 | 0 | 1 |
| sim_data.csv | 5.42930880 | 172.876727273 | 7 | 1878 | 5112 | 3622 | 0 | 3240 | 382 | 0.00003587 | 224.92176707 | 21.1405662504 | 48.2683972239 | 0.25904055 | 0.0000715186499172 | -0.00000476000000 | 0.259035790000 | 1 | 101 | 1.41137493098 | 3.10228160564 | 381 | 681 | 2560 | 381 | 0 | 1 |
| sim_data.csv | 5.00471205 | 159.148500000 | 7 | 2074 | 5611 | 3925 | 0 | 3543 | 382 | 0.00003587 | 224.92176707 | 19.3820973328 | 46.5151045085 | 0.26210572 | 0.0000667785273885 | -0.00000476000000 | 0.262100960000 | 1 | 101 | 1.42955414013 | 2.98696504386 | 381 | 715 | 2829 | 381 | 0 | 1 |
| sim_data.csv | 2.89551366 | 148.458923077 | 9 | 2243 | 6104 | 4256 | 0 | 3869 | 387 | 0.00003587 | 224.92176707 | 17.7925557877 | 44.8197532784 | 0.27261628 | 0.0000640545770677 | -0.00000612000000 | 0.272610160000 | 1 | 101 | 1.43421052632 | 2.89493170901 | 386 | 750 | 3120 | 386 | 0 | 1 |
| sim_data.csv | 0.87826531 | 139.305000000 | 9 | 2418 | 6599 | 4581 | 0 | 4189 | 392 | 0.00003587 | 224.92176707 | 16.7979732579 | 43.2490057919 | 0.27686421 | 0.0000604375049116 | -0.00000612000000 | 0.276858090000 | 1 | 101 | 1.44051517136 | 2.83886933887 | 391 | 779 | 3411 | 391 | 0 | 1 |
| sim_data.csv | 282.90974348 | 133.774133333 | 118 | 2572 | 6982 | 4927 | 0 | 4527 | 400 | 0.00003587 | 224.92176707 | 16.2119363972 | 41.9866075282 | 0.32646274 | 0.0000662599431703 | -0.0000802400000 | 0.326382500000 | 1 | 101 | 1.41708950680 | 2.74116456338 | 399 | 834 | 3694 | 399 | 0 | 1 |
| sim_data.csv | 343.09625241 | 132.935750000 | 115 | 2735 | 7427 | 5264 | 0 | 4806 | 458 | 0.00003587 | 224.92176707 | 15.6578178191 | 40.9947516705 | 0.35582684 | 0.0000675962841945 | -0.0000782000000 | 0.355748640000 | 1 | 101 | 1.41090425532 | 2.65911880246 | 457 | 1005 | 3802 | 457 | 0 | 1 |
| sim_data.csv | 265.71764098 | 131.290823529 | 107 | 2892 | 7864 | 5607 | 0 | 5078 | 529 | 0.00003587 | 256.54571999 | 15.3031625024 | 41.2617517820 | 0.38295440 | 0.0000682993401106 | -0.0000727600000 | 0.382881640000 | 1 | 101 | 1.40253254860 | 2.58354807642 | 528 | 1185 | 3894 | 528 | 0 | 1 |
| sim_data.csv | 19.93659846 | 131.286888889 | 140 | 3064 | 8288 | 5935 | 0 | 5363 | 572 | 0.00003587 | 256.54571999 | 15.5697621943 | 42.6631177932 | 0.40519008 | 0.0000682712855939 | -0.0000952000000 | 0.405094880000 | 1 | 101 | 1.39646166807 | 2.51969410673 | 571 | 1355 | 4009 | 571 | 0 | 1 |
| sim_data.csv | 4.28124935 | 129.249368421 | 9 | 3230 | 8868 | 6269 | 0 | 5646 | 623 | 0.00003587 | 256.54571999 | 14.8088506287 | 41.7118426643 | 0.41352726 | 0.0000659638315521 | -0.00000612000000 | 0.413521140000 | 1 | 101 | 1.41457967778 | 2.51864481424 | 622 | 1401 | 4246 | 622 | 0 | 1 |
| sim_data.csv | 39.48211288 | 123.680400000 | 32 | 3404 | 9328 | 6595 | 2 | 5955 | 640 | 0.00003587 | 256.54571999 | 14.1265108356 | 40.7307865426 | 0.41988907 | 0.0000636677892343 | -0.0000217600000 | 0.419867310000 | 1 | 101 | 1.41440485216 | 2.47003367469 | 639 | 1443 | 4513 | 639 | 0 | 1 |
| sim_data.csv | 27.17799683 | 121.229904762 | 105 | 3570 | 9740 | 6929 | 2 | 6274 | 655 | 0.00003587 | 256.54571999 | 13.8166129149 | 39.7352949161 | 0.42583798 | 0.0000614573502670 | -0.0000714000000 | 0.425766580000 | 1 | 101 | 1.40568624621 | 2.44354903065 | 654 | 1452 | 4823 | 654 | 0 | 1 |
| sim_data.csv | 19.55700475 | 121.222636364 | 169 | 3730 | 10150 | 7269 | 2 | 6588 | 681 | 0.00003587 | 256.54571999 | 13.5405214897 | 38.8117873918 | 0.43179100 | 0.0000594017058743 | -0.000114920000 | 0.431676080000 | 1 | 101 | 1.39634062457 | 2.39326767003 | 680 | 1476 | 5113 | 680 | 0 | 1 |
| sim_data.csv | 18.12326916 | 120.171652174 | 40 | 3897 | 10711 | 7602 | 2 | 6853 | 749 | 0.00002863 | 256.54571999 | 13.0508876160 | 38.1343466974 | 0.43838323 | 0.0000576668284662 | -0.0000272000000 | 0.438356030000 | 1 | 101 | 1.40897132334 | 2.37253692845 | 748 | 1507 | 5347 | 748 | 0 | 1 |
| sim_data.csv | 15.53399549 | 117.093820554 | 49 | 4065 | 11136 | 7893 | 2 | 7119 | 774 | 0.00002863 | 256.54571999 | 12.6081304563 | 37.4846184589 | 0.44363901 | 0.0000562066400608 | -0.0000333200000 | 0.443605690000 | 1 | 101 | 1.41087039149 | 2.34608697415 | 773 | 1529 | 5591 | 773 | 0 | 1 |
----END SIMULATION RESULTS----


