----BEGIN SIMULATION RESULTS----
Scenario: ../../coin-selection-simulation/scenarios/bustabit-2019-2020-tiny.csv
| Scenario File | Current Balance | Mean #UTXO | Current #UTXO | #Deposits | #Inputs Spent | #Withdraws | #Uneconomical outputs spent | #Change Created | #Changeless | Min Change Value | Max Change Value | Mean Change Value | Std. Dev. of Change Value | Total Fees | Mean Fees per Withdraw | Cost to Empty | Total Cost | Min Input Size | Max Input Size | Mean Input Size | Std. Dev. of Input Size | BnB Usage | SRD Usage | Knapsack Usage | #BnB no change | #SRD no change | #Knapsack no change |
| ../../coin-selection-simulation/scenarios/bustabit-2019-2020-tiny.csv | 0.10000000 | 0 | 1 | 0 | 0 | 0 | 0 | 0 | 0 | 0 | 0 | 0 | 0 | 0 | 0 | -6.80000000E-7 | -6.80000000E-7 | 0 | 0 | 0 | 0 | 0 | 0 | 0 | 0 | 0 | 0 |
| ../../coin-selection-simulation/scenarios/bustabit-2019-2020-tiny.csv | 0.31899356 | 27.7580000000 | 26 | 267 | 439 | 233 | 2 | 197 | 36 | 0.00001087 | 0.09750387 | 0.0181976856853 | 0.0257089585129 | 0.01394994 | 0.0000598709871245 | -0.0000176800000 | 0.0139322600000 | 1 | 16 | 1.88412017167 | 1.81453808675 | 35 | 49 | 149 | 35 | 0 | 1 |
| ../../coin-selection-simulation/scenarios/bustabit-2019-2020-tiny.csv | 9.11250257 | 71.0870000000 | 187 | 594 | 733 | 406 | 2 | 325 | 81 | 0.00001087 | 1.31998244 | 0.149762181508 | 0.262164033960 | 0.03088329 | 0.0000760672167488 | -0.000127160000 | 0.030756130000 | 1 | 18 | 1.80541871921 | 1.88012875762 | 80 | 56 | 270 | 80 | 0 | 1 |
| ../../coin-selection-simulation/scenarios/bustabit-2019-2020-tiny.csv | 12.43949970 | 127.503333333 | 336 | 961 | 1035 | 539 | 2 | 409 | 130 | 0.00001087 | 1.31998244 | 0.132650172054 | 0.241632380989 | 0.04158758 | 0.0000771569202226 | -0.000228480000 | 0.041359100000 | 1 | 18 | 1.92022263451 | 2.08712176783 | 128 | 66 | 345 | 128 | 0 | 2 |
| ../../coin-selection-simulation/scenarios/bustabit-2019-2020-tiny.csv | 25.85603377 | 194.821500000 | 387 | 1318 | 1416 | 682 | 2 | 484 | 198 | 0.00001087 | 1.31998244 | 0.128650519628 | 0.239991632338 | 0.05217038 | 0.0000764961583578 | -0.000263160000 | 0.051907220000 | 1 | 29 | 2.07624633431 | 2.41082823754 | 196 | 77 | 409 | 196 | 0 | 2 |
| ../../coin-selection-simulation/scenarios/bustabit-2019-2020-tiny.csv | 30.87563435 | 228.902800000 | 375 | 1682 | 1877 | 818 | 3 | 569 | 249 | 0.00001087 | 1.31998244 | 0.115495112970 | 0.227031122009 | 0.06494213 | 0.0000793913569682 | -0.000255000000 | 0.064687130000 | 1 | 101 | 2.29462102689 | 4.60880912840 | 246 | 98 | 474 | 246 | 0 | 3 |
| ../../coin-selection-simulation/scenarios/bustabit-2019-2020-tiny.csv | 31.94436922 | 244.947000000 | 315 | 2010 | 2359 | 990 | 3 | 663 | 327 | 0.00001087 | 1.74377691 | 0.111642160935 | 0.235346951969 | 0.08269359 | 0.0000835288787879 | -0.000214200000 | 0.082479390000 | 1 | 101 | 2.38282828283 | 4.37359344205 | 323 | 113 | 554 | 323 | 0 | 4 |
| ../../coin-selection-simulation/scenarios/bustabit-2019-2020-tiny.csv | 84.81994238 | 265.498000000 | 517 | 2421 | 2611 | 1079 | 3 | 706 | 373 | 0.00001087 | 1.74377691 | 0.111121337295 | 0.231879757894 | 0.09267878 | 0.0000858932159407 | -0.000351560000 | 0.092327220000 | 1 | 101 | 2.41983317887 | 4.25124837826 | 369 | 121 | 589 | 369 | 0 | 4 |
| ../../coin-selection-simulation/scenarios/bustabit-2019-2020-tiny.csv | 162.27043064 | 314.435500000 | 766 | 2827 | 2832 | 1173 | 3 | 770 | 403 | 0.00001087 | 1.74377691 | 0.116333222143 | 0.232623860854 | 0.10186343 | 0.0000868400937766 | -0.000520880000 | 0.101342550000 | 1 | 101 | 2.41432225064 | 4.13928150207 | 399 | 131 | 643 | 399 | 0 | 4 |
| ../../coin-selection-simulation/scenarios/bustabit-2019-2020-tiny.csv | 316.56661955 | 375.463555556 | 1037 | 3232 | 3030 | 1268 | 3 | 834 | 434 | 0.00001087 | 1.74377691 | 0.114973563225 | 0.230497065535 | 0.10964531 | 0.0000864710646688 | -0.000705160000 | 0.108940150000 | 1 | 101 | 2.38958990536 | 4.02003099985 | 429 | 138 | 701 | 429 | 0 | 5 |
| ../../coin-selection-simulation/scenarios/bustabit-2019-2020-tiny.csv | 312.72364119 | 449.276800000 | 1201 | 3588 | 3320 | 1412 | 3 | 932 | 480 | 0.00001013 | 1.74377691 | 0.125512485794 | 0.240582455605 | 0.12327798 | 0.0000873073512748 | -0.000816680000 | 0.122461300000 | 1 | 101 | 2.35127478754 | 3.85029638015 | 471 | 147 | 794 | 471 | 0 | 9 |
| ../../coin-selection-simulation/scenarios/bustabit-2019-2020-tiny.csv | 370.33635551 | 528.456545455 | 1433 | 3962 | 3556 | 1538 | 3 | 1026 | 512 | 0.00001013 | 3.97999550 | 0.137265387827 | 0.306961328463 | 0.13438162 | 0.0000873742652796 | -0.000974440000 | 0.133407180000 | 1 | 101 | 2.31209362809 | 3.73192412608 | 501 | 157 | 880 | 501 | 0 | 11 |
| ../../coin-selection-simulation/scenarios/bustabit-2019-2020-tiny.csv | 369.75924969 | 608.951000000 | 1567 | 4303 | 3865 | 1697 | 3 | 1128 | 569 | 0.00001013 | 3.97999550 | 0.145600964938 | 0.318415751408 | 0.15214604 | 0.0000896558868592 | -0.00106556000 | 0.15108048000 | 1 | 101 | 2.27754861520 | 3.58441616867 | 555 | 192 | 950 | 555 | 0 | 14 |
| ../../coin-selection-simulation/scenarios/bustabit-2019-2020-tiny.csv | 422.07920147 | 686.890923077 | 1714 | 4678 | 4172 | 1822 | 3 | 1207 | 615 | 0.00001013 | 3.97999550 | 0.146488784225 | 0.314976543027 | 0.16402984 | 0.0000900273545554 | -0.00116552000 | 0.16286432000 | 1 | 101 | 2.28979143798 | 3.52826432686 | 598 | 203 | 1021 | 598 | 0 | 17 |
| ../../coin-selection-simulation/scenarios/bustabit-2019-2020-tiny.csv | 462.25241813 | 762.940428571 | 1782 | 5022 | 4540 | 1978 | 3 | 1299 | 679 | 0.00001013 | 3.97999550 | 0.144681063303 | 0.309474151963 | 0.17401655 | 0.0000879760111223 | -0.00121176000 | 0.17280479000 | 1 | 101 | 2.29524772497 | 3.44062840014 | 662 | 232 | 1084 | 662 | 0 | 17 |
| ../../coin-selection-simulation/scenarios/bustabit-2019-2020-tiny.csv | 448.11412882 | 836.909066667 | 1961 | 5373 | 4808 | 2127 | 3 | 1395 | 732 | 0.00001013 | 3.97999550 | 0.143426410301 | 0.304506881460 | 0.19136997 | 0.0000899717771509 | -0.00133348000 | 0.19003649000 | 1 | 101 | 2.26046074283 | 3.35117007890 | 714 | 241 | 1172 | 714 | 0 | 18 |
| ../../coin-selection-simulation/scenarios/bustabit-2019-2020-tiny.csv | 440.08704234 | 906.542625000 | 1999 | 5662 | 5216 | 2338 | 3 | 1552 | 786 | 0.00001013 | 3.97999550 | 0.141729831050 | 0.299179902099 | 0.20867493 | 0.0000892536056459 | -0.00135932000 | 0.20731561000 | 1 | 101 | 2.23096663815 | 3.26187491961 | 767 | 293 | 1278 | 767 | 0 | 19 |
| ../../coin-selection-simulation/scenarios/bustabit-2019-2020-tiny.csv | 448.55939925 | 972.605882353 | 2092 | 5993 | 5581 | 2507 | 3 | 1679 | 828 | 0.00001013 | 3.97999550 | 0.137716867219 | 0.292522414067 | 0.21740072 | 0.0000867174790586 | -0.00142256000 | 0.21597816000 | 1 | 101 | 2.22616673315 | 3.22554421142 | 805 | 315 | 1387 | 805 | 0 | 23 |
| ../../coin-selection-simulation/scenarios/bustabit-2019-2020-tiny.csv | 455.19206911 | 1040.39977778 | 2230 | 6301 | 5886 | 2699 | 3 | 1814 | 885 | 0.00001013 | 3.97999550 | 0.138270292172 | 0.290441298013 | 0.23667034 | 0.0000876881585773 | -0.00151640000 | 0.23515394000 | 1 | 101 | 2.18080770656 | 3.14522275555 | 858 | 364 | 1477 | 858 | 0 | 27 |
| ../../coin-selection-simulation/scenarios/bustabit-2019-2020-tiny.csv | 458.11417529 | 1105.13147368 | 2322 | 6598 | 6241 | 2902 | 3 | 1964 | 938 | 0.00001013 | 3.97999550 | 0.141374492821 | 0.295879601947 | 0.25212830 | 0.0000868808752584 | -0.00157896000 | 0.25054934000 | 1 | 101 | 2.15058580289 | 3.05500499174 | 908 | 409 | 1585 | 908 | 0 | 30 |
| ../../coin-selection-simulation/scenarios/bustabit-2019-2020-tiny.csv | 444.51661288 | 1169.70180000 | 2444 | 6926 | 6585 | 3074 | 3 | 2102 | 972 | 0.00001013 | 3.97999550 | 0.142312757393 | 0.294342052844 | 0.26310181 | 0.0000855893981783 | -0.00166192000 | 0.26143989000 | 1 | 101 | 2.14216005205 | 3.07763078975 | 941 | 429 | 1704 | 941 | 0 | 31 |
| ../../coin-selection-simulation/scenarios/bustabit-2019-2020-tiny.csv | 380.23608234 | 1230.96952381 | 2454 | 7224 | 7014 | 3276 | 3 | 2243 | 1033 | 0.00001013 | 3.97999550 | 0.139587327280 | 0.289793646966 | 0.28358870 | 0.0000865655372405 | -0.00166872000 | 0.28191998000 | 1 | 101 | 2.14102564103 | 3.10226935669 | 998 | 449 | 1829 | 998 | 0 | 35 |
| ../../coin-selection-simulation/scenarios/bustabit-2019-2020-tiny.csv | 370.12519129 | 1284.85363636 | 2419 | 7562 | 7488 | 3438 | 3 | 2344 | 1094 | 0.00001013 | 3.97999550 | 0.137887192398 | 0.287410798434 | 0.29646684 | 0.0000862323560209 | -0.00164492000 | 0.29482192000 | 1 | 101 | 2.17801047120 | 3.26891254584 | 1057 | 475 | 1906 | 1057 | 0 | 37 |
| ../../coin-selection-simulation/scenarios/bustabit-2019-2020-tiny.csv | 382.41893676 | 1336.82452174 | 2560 | 7902 | 7810 | 3598 | 3 | 2467 | 1131 | 0.00001013 | 3.97999550 | 0.138312271232 | 0.288724241848 | 0.30769005 | 0.0000855169677599 | -0.00174080000 | 0.30594925000 | 1 | 101 | 2.17065036131 | 3.23292850379 | 1094 | 509 | 1995 | 1094 | 0 | 37 |
| ../../coin-selection-simulation/scenarios/bustabit-2019-2020-tiny.csv | 370.77306912 | 1389.95008333 | 2651 | 8232 | 8159 | 3768 | 3 | 2577 | 1191 | 0.00001013 | 3.97999550 | 0.135850533143 | 0.285467558596 | 0.32493308 | 0.0000862348938429 | -0.00180268000 | 0.32313040000 | 1 | 101 | 2.16533970276 | 3.18919371644 | 1150 | 544 | 2074 | 1150 | 0 | 41 |
| ../../coin-selection-simulation/scenarios/bustabit-2019-2020-tiny.csv | 387.54201622 | 1444.47784000 | 2829 | 8569 | 8431 | 3931 | 3 | 2690 | 1241 | 0.00001013 | 3.97999550 | 0.132479875428 | 0.281193180394 | 0.33815002 | 0.0000860213736963 | -0.00192372000 | 0.33622630000 | 1 | 101 | 2.14474688374 | 3.13847660097 | 1200 | 562 | 2169 | 1200 | 0 | 41 |
| ../../coin-selection-simulation/scenarios/bustabit-2019-2020-tiny.csv | 396.82052039 | 1499.45307692 | 2917 | 8898 | 8777 | 4102 | 3 | 2795 | 1307 | 0.00001013 | 3.97999550 | 0.131802400290 | 0.279464068631 | 0.35288628 | 0.0000860278595807 | -0.00198356000 | 0.35090272000 | 1 | 101 | 2.13968795709 | 3.09056026328 | 1264 | 587 | 2251 | 1264 | 0 | 43 |
| ../../coin-selection-simulation/scenarios/bustabit-2019-2020-tiny.csv | 390.53417660 | 1552.39940741 | 2972 | 9186 | 9159 | 4314 | 3 | 2944 | 1370 | 0.00001013 | 3.97999550 | 0.131104910965 | 0.277894120493 | 0.36839226 | 0.0000853945897079 | -0.00202096000 | 0.36637130000 | 1 | 101 | 2.12308762170 | 3.07852408897 | 1324 | 637 | 2353 | 1324 | 0 | 46 |
| ../../coin-selection-simulation/scenarios/bustabit-2019-2020-tiny.csv | 391.13726205 | 1605.79414286 | 3121 | 9481 | 9452 | 4519 | 3 | 3091 | 1428 | 0.00001013 | 3.97999550 | 0.129287048473 | 0.274274201340 | 0.39013001 | 0.0000863310489046 | -0.00212228000 | 0.38800773000 | 1 | 101 | 2.09161318876 | 3.02095646870 | 1373 | 674 | 2472 | 1373 | 0 | 55 |
| ../../coin-selection-simulation/scenarios/bustabit-2019-2020-tiny.csv | 388.91827796 | 1659.80641379 | 3259 | 9785 | 9763 | 4715 | 3 | 3236 | 1479 | 0.00001013 | 3.97999550 | 0.127716547939 | 0.270715866686 | 0.40487956 | 0.0000858705323436 | -0.00221612000 | 0.40266344000 | 1 | 101 | 2.07062566278 | 2.96849107398 | 1421 | 707 | 2587 | 1421 | 0 | 58 |
| ../../coin-selection-simulation/scenarios/bustabit-2019-2020-tiny.csv | 385.81348174 | 1712.71206667 | 3242 | 10050 | 10203 | 4950 | 3 | 3394 | 1556 | 0.00001013 | 3.97999550 | 0.125713370103 | 0.268156659813 | 0.42153513 | 0.0000851586121212 | -0.00220456000 | 0.41933057000 | 1 | 101 | 2.06121212121 | 2.92329544164 | 1491 | 762 | 2697 | 1491 | 0 | 65 |
----END SIMULATION RESULTS----


