----BEGIN SIMULATION RESULTS----
Scenario: sim_data.csv
| Scenario File | Current Balance | Mean #UTXO | Current #UTXO | #Deposits | #Inputs Spent | #Withdraws | #Uneconomical outputs spent | #Change Created | #Changeless | Min Change Value | Max Change Value | Mean Change Value | Std. Dev. of Change Value | Total Fees | Mean Fees per Withdraw | Cost to Empty | Total Cost | Min Input Size | Max Input Size | Mean Input Size | Std. Dev. of Input Size | BnB Usage | SRD Usage | Knapsack Usage | #BnB no change | #SRD no change | #Knapsack no change |
| sim_data.csv | 0.10000000 | 0 | 1 | 0 | 0 | 0 | 0 | 0 | 0 | 0 | 0 | 0 | 0 | 0 | 0 | -6.80000000E-7 | -6.80000000E-7 | 0 | 0 | 0 | 0 | 0 | 0 | 0 | 0 | 0 | 0 |
| sim_data.csv | 636.11690484 | 28.3840000000 | 62 | 179 | 434 | 321 | 0 | 316 | 5 | 0.00522507 | 217.35023143 | 44.4263761136 | 78.5037838092 | 0.05116082 | 0.000159379501558 | -0.0000421600000 | 0.0511186600000 | 1 | 21 | 1.35202492212 | 1.59415062004 | 5 | 316 | 0 | 5 | 0 | 0 |
| sim_data.csv | 626.47269639 | 73.25 | 166 | 341 | 821 | 659 | 0 | 645 | 14 | 0.00511366 | 217.35023143 | 59.1338432008 | 86.8448332279 | 0.08612798 | 0.000130694962064 | -0.000112880000 | 0.086015100000 | 1 | 21 | 1.24582701062 | 1.20294473054 | 14 | 645 | 0 | 14 | 0 | 0 |
| sim_data.csv | 683.24810672 | 119.598000000 | 259 | 511 | 1196 | 989 | 0 | 943 | 46 | 0.00500148 | 217.35023143 | 67.7139946363 | 87.1982437219 | 0.11667235 | 0.000117970020222 | -0.000176120000 | 0.116496230000 | 1 | 21 | 1.20930232558 | 1.01191005635 | 46 | 943 | 0 | 46 | 0 | 0 |
| sim_data.csv | 201.73939089 | 148.918500000 | 199 | 671 | 1724 | 1329 | 0 | 1251 | 78 | 0.00500148 | 229.90291960 | 76.9636437529 | 87.8406164689 | 0.14751052 | 0.000110993619263 | -0.000135320000 | 0.147375200000 | 1 | 60 | 1.29721595184 | 2.34739019705 | 78 | 1251 | 0 | 78 | 0 | 0 |
| sim_data.csv | 123.55704491 | 167.501200000 | 277 | 840 | 2118 | 1660 | 0 | 1554 | 106 | 0.00500148 | 229.90291960 | 81.3617022976 | 84.6289139927 | 0.17321796 | 0.000104348168675 | -0.000188360000 | 0.173029600000 | 1 | 60 | 1.27590361446 | 2.11678844859 | 106 | 1554 | 0 | 106 | 0 | 0 |
| sim_data.csv | 90.95844132 | 185.441333333 | 288 | 1016 | 2581 | 1984 | 0 | 1852 | 132 | 0.00500148 | 229.90291960 | 72.9095938284 | 80.6799551457 | 0.19777741 | 0.0000996861945565 | -0.000195840000 | 0.197581570000 | 1 | 60 | 1.30090725806 | 2.34508513490 | 132 | 1852 | 0 | 132 | 0 | 0 |
| sim_data.csv | 199.96886427 | 197.187142857 | 135 | 1192 | 3210 | 2308 | 0 | 2152 | 156 | 0.00500148 | 229.90291960 | 65.3616904783 | 77.6922136480 | 0.22592218 | 0.0000978865597920 | -0.0000918000000 | 0.225830380000 | 1 | 101 | 1.39081455806 | 3.25757995521 | 156 | 2152 | 0 | 156 | 0 | 0 |
| sim_data.csv | 158.81826559 | 193.988500000 | 167 | 1360 | 3670 | 2640 | 0 | 2476 | 164 | 0.00500148 | 229.90291960 | 59.9771645917 | 74.2467438638 | 0.24300790 | 0.0000920484469697 | -0.000113560000 | 0.242894340000 | 1 | 101 | 1.39015151515 | 3.20761598078 | 164 | 2476 | 0 | 164 | 0 | 0 |
| sim_data.csv | 8.89952911 | 190.491777778 | 26 | 1526 | 4295 | 2974 | 0 | 2794 | 180 | 0.00500148 | 229.90291960 | 55.1748727447 | 71.5643357677 | 0.25863776 | 0.0000869662945528 | -0.0000176800000 | 0.258620080000 | 1 | 110 | 1.44418291863 | 3.93481337057 | 180 | 2794 | 0 | 180 | 0 | 0 |
| sim_data.csv | 13.02811708 | 177.327200000 | 114 | 1705 | 4696 | 3295 | 0 | 3104 | 191 | 0.00500148 | 229.90291960 | 50.0313039656 | 69.6383099744 | 0.26639542 | 0.0000808483823976 | -0.0000775200000 | 0.266317900000 | 1 | 110 | 1.42518968134 | 3.75135309555 | 191 | 3104 | 0 | 191 | 0 | 0 |
| sim_data.csv | 5.41700887 | 171.334000000 | 28 | 1878 | 5241 | 3622 | 0 | 3390 | 232 | 0.00500148 | 229.90291960 | 45.9652480238 | 67.9710435651 | 0.27134048 | 0.0000749145444506 | -0.0000190400000 | 0.271321440000 | 1 | 110 | 1.44699061292 | 3.67129539620 | 232 | 3390 | 0 | 232 | 0 | 0 |
| sim_data.csv | 4.97757917 | 157.857333333 | 5 | 2074 | 5763 | 3925 | 0 | 3693 | 232 | 0.00500148 | 229.90291960 | 42.2501552014 | 66.2978474531 | 0.27444743 | 0.0000699229121019 | -0.00000340000000 | 0.274444030000 | 1 | 110 | 1.46828025478 | 3.53630150889 | 232 | 3693 | 0 | 232 | 0 | 0 |
| sim_data.csv | 2.86843607 | 146.983230769 | 22 | 2243 | 6245 | 4256 | 0 | 4023 | 233 | 0.00500148 | 229.90291960 | 38.8455844811 | 64.5333937284 | 0.28490270 | 0.0000669414238722 | -0.0000149600000 | 0.284887740000 | 1 | 110 | 1.46734022556 | 3.40551361511 | 233 | 4023 | 0 | 233 | 0 | 0 |
| sim_data.csv | 0.85108308 | 139.196285714 | 8 | 2418 | 6751 | 4581 | 0 | 4340 | 241 | 0.00500148 | 229.90291960 | 36.3956175935 | 62.7715327502 | 0.28925527 | 0.0000631423859419 | -0.00000544000000 | 0.289249830000 | 1 | 110 | 1.47369569963 | 3.32064076562 | 241 | 4340 | 0 | 241 | 0 | 0 |
| sim_data.csv | 282.88070334 | 132.728933333 | 100 | 2572 | 7157 | 4927 | 0 | 4684 | 243 | 0.00500148 | 229.90291960 | 36.4044865887 | 61.8364399261 | 0.34071171 | 0.0000691519606251 | -0.0000680000000 | 0.340643710000 | 1 | 110 | 1.45260807794 | 3.20825050337 | 243 | 4684 | 0 | 243 | 0 | 0 |
| sim_data.csv | 343.06878894 | 132.499250000 | 166 | 2735 | 7553 | 5264 | 0 | 4983 | 281 | 0.00500148 | 229.90291960 | 36.7978540603 | 60.3923237498 | 0.36849914 | 0.0000700036360182 | -0.000112880000 | 0.368386260000 | 1 | 110 | 1.43484042553 | 3.11022567600 | 281 | 4983 | 0 | 281 | 0 | 0 |
| sim_data.csv | 265.68812341 | 130.712352941 | 119 | 2892 | 8045 | 5607 | 0 | 5271 | 336 | 0.00500148 | 260.42055390 | 39.5890329118 | 66.2616398832 | 0.39768080 | 0.0000709257713572 | -0.0000809200000 | 0.397599880000 | 1 | 110 | 1.43481362582 | 3.09545845906 | 336 | 5271 | 0 | 336 | 0 | 0 |
| sim_data.csv | 19.90756234 | 131.884444444 | 157 | 3064 | 8480 | 5935 | 0 | 5572 | 363 | 0.00500148 | 260.42055390 | 42.9741624210 | 70.1168233309 | 0.41943503 | 0.0000706714456613 | -0.000106760000 | 0.419328270000 | 1 | 110 | 1.42881213142 | 3.04299250046 | 363 | 5572 | 0 | 363 | 0 | 0 |
| sim_data.csv | 4.25190573 | 130.921894737 | 7 | 3230 | 9076 | 6269 | 0 | 5852 | 417 | 0.00500148 | 260.42055390 | 40.9423706047 | 69.0165716172 | 0.42807971 | 0.0000682851666933 | -0.00000476000000 | 0.428074950000 | 1 | 110 | 1.44775881321 | 2.99750324234 | 417 | 5852 | 0 | 417 | 0 | 0 |
| sim_data.csv | 39.45261087 | 125.202900000 | 21 | 3404 | 9545 | 6595 | 0 | 6161 | 434 | 0.00500148 | 260.42055390 | 39.0187264628 | 67.7919999927 | 0.43459991 | 0.0000658983942381 | -0.0000142800000 | 0.434585630000 | 1 | 110 | 1.44730856710 | 2.93908533140 | 434 | 6161 | 0 | 434 | 0 | 0 |
| sim_data.csv | 27.14854873 | 122.166476190 | 121 | 3570 | 9928 | 6929 | 0 | 6478 | 451 | 0.00500148 | 260.42055390 | 37.7121080560 | 66.3911399096 | 0.44049491 | 0.0000635726526194 | -0.0000822800000 | 0.440412630000 | 1 | 110 | 1.43281858854 | 2.87135090874 | 451 | 6478 | 0 | 451 | 0 | 0 |
| sim_data.csv | 19.52749014 | 122.432636364 | 170 | 3730 | 10349 | 7269 | 0 | 6788 | 481 | 0.00500148 | 260.42055390 | 36.2845319993 | 65.1915950207 | 0.44651444 | 0.0000614272169487 | -0.000115600000 | 0.446398840000 | 1 | 110 | 1.42371715504 | 2.81592079102 | 481 | 6788 | 0 | 481 | 0 | 0 |
| sim_data.csv | 18.09376022 | 122.130000000 | 69 | 3897 | 10894 | 7602 | 0 | 7065 | 537 | 0.00500148 | 260.42055390 | 34.8746087351 | 64.2807999318 | 0.45310100 | 0.0000596028676664 | -0.0000469200000 | 0.453054080000 | 1 | 110 | 1.43304393581 | 2.77528370204 | 537 | 7065 | 0 | 537 | 0 | 0 |
| sim_data.csv | 15.50455554 | 119.559494941 | 84 | 4065 | 11312 | 7893 | 0 | 7330 | 563 | 0.00500148 | 260.42055390 | 33.6732637834 | 63.4143350972 | 0.45828779 | 0.0000580625604966 | -0.0000571200000 | 0.458230670000 | 1 | 110 | 1.43316863043 | 2.73727059972 | 563 | 7330 | 0 | 563 | 0 | 0 |
----END SIMULATION RESULTS----


