----BEGIN SIMULATION RESULTS----
Scenario: ../../coin-selection-simulation/scenarios/bustabit-2019-2020-tiny.csv
| Scenario File | Current Balance | Mean #UTXO | Current #UTXO | #Deposits | #Inputs Spent | #Withdraws | #Uneconomical outputs spent | #Change Created | #Changeless | Min Change Value | Max Change Value | Mean Change Value | Std. Dev. of Change Value | Total Fees | Mean Fees per Withdraw | Cost to Empty | Total Cost | Min Input Size | Max Input Size | Mean Input Size | Std. Dev. of Input Size | BnB Usage | SRD Usage | Knapsack Usage | #BnB no change | #SRD no change | #Knapsack no change |
| ../../coin-selection-simulation/scenarios/bustabit-2019-2020-tiny.csv | 0.10000000 | 0 | 1 | 0 | 0 | 0 | 0 | 0 | 0 | 0 | 0 | 0 | 0 | 0 | 0 | -6.80000000E-7 | -6.80000000E-7 | 0 | 0 | 0 | 0 | 0 | 0 | 0 | 0 | 0 | 0 |
| ../../coin-selection-simulation/scenarios/bustabit-2019-2020-tiny.csv | 0.31879867 | 28.8540000000 | 23 | 267 | 438 | 233 | 2 | 193 | 40 | 0.00001028 | 0.10008595 | 0.0168504866321 | 0.0237728863736 | 0.01414483 | 0.0000607074248927 | -0.0000156400000 | 0.0141291900000 | 1 | 16 | 1.87982832618 | 1.95271163489 | 39 | 40 | 154 | 39 | 0 | 1 |
| ../../coin-selection-simulation/scenarios/bustabit-2019-2020-tiny.csv | 9.11272309 | 72.4640000000 | 208 | 594 | 708 | 406 | 2 | 321 | 85 | 0.00001028 | 1.31998244 | 0.122650562835 | 0.239886839516 | 0.03066277 | 0.0000755240640394 | -0.000141440000 | 0.030521330000 | 1 | 20 | 1.74384236453 | 1.93049575026 | 82 | 51 | 273 | 82 | 0 | 3 |
| ../../coin-selection-simulation/scenarios/bustabit-2019-2020-tiny.csv | 12.43928159 | 126.345333333 | 320 | 961 | 1045 | 539 | 2 | 403 | 136 | 0.00001028 | 1.31998244 | 0.133831908437 | 0.255654532915 | 0.04180569 | 0.0000775615769944 | -0.000217600000 | 0.041588090000 | 1 | 21 | 1.93877551020 | 2.35548067370 | 132 | 63 | 344 | 132 | 0 | 4 |
| ../../coin-selection-simulation/scenarios/bustabit-2019-2020-tiny.csv | 25.85583148 | 188.682500000 | 356 | 1318 | 1434 | 682 | 2 | 471 | 211 | 0.00001028 | 1.31998244 | 0.118646387941 | 0.241347042959 | 0.05237267 | 0.0000767927712610 | -0.000242080000 | 0.052130590000 | 1 | 21 | 2.10263929619 | 2.42563864436 | 207 | 77 | 398 | 207 | 0 | 4 |
| ../../coin-selection-simulation/scenarios/bustabit-2019-2020-tiny.csv | 30.87678356 | 225.572800000 | 409 | 1682 | 1839 | 818 | 4 | 565 | 253 | 0.00001028 | 2.38615227 | 0.183386959522 | 0.416678448269 | 0.06379292 | 0.0000779864547677 | -0.000278120000 | 0.063514800000 | 1 | 100 | 2.24816625917 | 4.42544968974 | 248 | 85 | 485 | 248 | 0 | 5 |
| ../../coin-selection-simulation/scenarios/bustabit-2019-2020-tiny.csv | 31.94559197 | 251.511000000 | 390 | 2010 | 2284 | 990 | 4 | 663 | 327 | 0.00001028 | 2.38615227 | 0.168318940498 | 0.393120399631 | 0.08147084 | 0.0000822937777778 | -0.000265200000 | 0.081205640000 | 1 | 100 | 2.30707070707 | 4.15384754763 | 322 | 107 | 561 | 322 | 0 | 5 |
| ../../coin-selection-simulation/scenarios/bustabit-2019-2020-tiny.csv | 84.82210395 | 286.040000000 | 660 | 2421 | 2485 | 1079 | 4 | 723 | 356 | 0.00001028 | 8.11225248 | 0.363837180913 | 1.01503499935 | 0.09051721 | 0.0000838899073216 | -0.000448800000 | 0.090068410000 | 1 | 100 | 2.30305838740 | 4.03462517281 | 351 | 115 | 613 | 351 | 0 | 5 |
| ../../coin-selection-simulation/scenarios/bustabit-2019-2020-tiny.csv | 162.27212670 | 348.548000000 | 887 | 2827 | 2722 | 1173 | 4 | 781 | 392 | 0.00001028 | 8.11225248 | 0.382966581536 | 1.02204069124 | 0.10016737 | 0.0000853941773231 | -0.000603160000 | 0.099564210000 | 1 | 100 | 2.32054560955 | 3.99610250080 | 386 | 121 | 666 | 386 | 0 | 6 |
| ../../coin-selection-simulation/scenarios/bustabit-2019-2020-tiny.csv | 316.56858727 | 420.253111111 | 1171 | 3232 | 2905 | 1268 | 4 | 843 | 425 | 0.00001028 | 8.11225248 | 0.373716017699 | 0.990641326779 | 0.10767759 | 0.0000849192350158 | -0.000796280000 | 0.106881310000 | 1 | 100 | 2.29100946372 | 3.87039616350 | 418 | 126 | 724 | 418 | 0 | 7 |
| ../../coin-selection-simulation/scenarios/bustabit-2019-2020-tiny.csv | 312.72530792 | 502.511000000 | 1324 | 3588 | 3198 | 1412 | 4 | 933 | 479 | 0.00001028 | 8.11225248 | 0.353624011308 | 0.947620992246 | 0.12161125 | 0.0000861269475921 | -0.000900320000 | 0.120710930000 | 1 | 100 | 2.26487252125 | 3.69811736702 | 468 | 136 | 808 | 468 | 0 | 11 |
| ../../coin-selection-simulation/scenarios/bustabit-2019-2020-tiny.csv | 370.33789694 | 588.790727273 | 1542 | 3962 | 3442 | 1538 | 4 | 1021 | 517 | 0.00001028 | 8.11225248 | 0.336393659226 | 0.910356077151 | 0.13284019 | 0.0000863720351105 | -0.00104856000 | 0.13179163000 | 1 | 100 | 2.23797139142 | 3.58400466531 | 503 | 149 | 886 | 503 | 0 | 14 |
| ../../coin-selection-simulation/scenarios/bustabit-2019-2020-tiny.csv | 369.76061497 | 673.273833333 | 1672 | 4303 | 3750 | 1697 | 4 | 1118 | 579 | 0.00001028 | 8.11225248 | 0.327589467630 | 0.883143721846 | 0.15078076 | 0.0000888513612257 | -0.00113696000 | 0.14964380000 | 1 | 100 | 2.20978196818 | 3.44458469059 | 560 | 181 | 956 | 560 | 0 | 19 |
| ../../coin-selection-simulation/scenarios/bustabit-2019-2020-tiny.csv | 422.08116499 | 756.666461538 | 1869 | 4678 | 4020 | 1822 | 4 | 1210 | 612 | 0.00001028 | 8.11225248 | 0.313473372529 | 0.852930362207 | 0.16206632 | 0.0000889496816685 | -0.00127092000 | 0.16079540000 | 1 | 100 | 2.20636663008 | 3.38783608801 | 591 | 196 | 1035 | 591 | 0 | 21 |
| ../../coin-selection-simulation/scenarios/bustabit-2019-2020-tiny.csv | 462.25434845 | 838.666857143 | 1945 | 5022 | 4380 | 1978 | 4 | 1302 | 676 | 0.00001028 | 8.11225248 | 0.300213082788 | 0.825862456204 | 0.17208623 | 0.0000870001162791 | -0.00132260000 | 0.17076363000 | 1 | 100 | 2.21435793731 | 3.30915196304 | 653 | 215 | 1110 | 653 | 0 | 23 |
| ../../coin-selection-simulation/scenarios/bustabit-2019-2020-tiny.csv | 448.11645583 | 918.048133333 | 2126 | 5373 | 4644 | 2127 | 4 | 1396 | 731 | 0.00001028 | 8.11225248 | 0.290448964599 | 0.801583947689 | 0.18904296 | 0.0000888777433004 | -0.00144568000 | 0.18759728000 | 1 | 100 | 2.18335684062 | 3.21907026539 | 706 | 232 | 1189 | 706 | 0 | 25 |
| ../../coin-selection-simulation/scenarios/bustabit-2019-2020-tiny.csv | 440.08920415 | 993.262875000 | 2162 | 5662 | 5048 | 2338 | 4 | 1547 | 791 | 0.00001028 | 8.11225248 | 0.282445893950 | 0.771557009948 | 0.20651312 | 0.0000883289649273 | -0.00147016000 | 0.20504296000 | 1 | 100 | 2.15911035073 | 3.14305960555 | 764 | 297 | 1277 | 764 | 0 | 27 |
| ../../coin-selection-simulation/scenarios/bustabit-2019-2020-tiny.csv | 448.56142760 | 1063.99364706 | 2266 | 5993 | 5405 | 2507 | 4 | 1677 | 830 | 0.00001028 | 8.11225248 | 0.268726929314 | 0.744743425974 | 0.21537237 | 0.0000859084044675 | -0.00154088000 | 0.21383149000 | 1 | 100 | 2.15596330275 | 3.09982997427 | 801 | 320 | 1386 | 801 | 0 | 29 |
| ../../coin-selection-simulation/scenarios/bustabit-2019-2020-tiny.csv | 455.19419000 | 1136.50922222 | 2391 | 6301 | 5721 | 2699 | 4 | 1810 | 889 | 0.00001028 | 8.11225248 | 0.262353561807 | 0.722506802450 | 0.23454945 | 0.0000869023527232 | -0.00162588000 | 0.23292357000 | 1 | 100 | 2.11967395332 | 3.06092965143 | 859 | 377 | 1463 | 859 | 0 | 30 |
| ../../coin-selection-simulation/scenarios/bustabit-2019-2020-tiny.csv | 458.11639692 | 1203.72947368 | 2459 | 6598 | 6096 | 2902 | 4 | 1956 | 946 | 0.00001028 | 8.11225248 | 0.256835504770 | 0.700280015707 | 0.24990667 | 0.0000861153239145 | -0.00167212000 | 0.24823455000 | 1 | 100 | 2.10062026189 | 2.98650410766 | 912 | 415 | 1575 | 912 | 0 | 34 |
| ../../coin-selection-simulation/scenarios/bustabit-2019-2020-tiny.csv | 444.51800053 | 1268.91130000 | 2536 | 6926 | 6472 | 3074 | 4 | 2081 | 993 | 0.00001028 | 8.11225248 | 0.250036655579 | 0.682398187107 | 0.26171416 | 0.0000851379830839 | -0.00172448000 | 0.25998968000 | 1 | 100 | 2.10540013012 | 3.00113062315 | 956 | 469 | 1649 | 956 | 0 | 37 |
| ../../coin-selection-simulation/scenarios/bustabit-2019-2020-tiny.csv | 380.23711201 | 1329.60752381 | 2547 | 7224 | 6894 | 3276 | 4 | 2216 | 1060 | 0.00001028 | 8.11225248 | 0.240675189657 | 0.664588929494 | 0.28255903 | 0.0000862512301587 | -0.00173196000 | 0.28082707000 | 1 | 100 | 2.10439560440 | 2.98833849025 | 1020 | 502 | 1754 | 1020 | 0 | 40 |
| ../../coin-selection-simulation/scenarios/bustabit-2019-2020-tiny.csv | 370.12628191 | 1385.33718182 | 2575 | 7562 | 7307 | 3438 | 4 | 2319 | 1119 | 0.00001028 | 8.11225248 | 0.232967058603 | 0.651122809259 | 0.29537622 | 0.0000859151308901 | -0.00175100000 | 0.29362522000 | 1 | 100 | 2.12536358348 | 3.04724548753 | 1075 | 524 | 1839 | 1075 | 0 | 44 |
| ../../coin-selection-simulation/scenarios/bustabit-2019-2020-tiny.csv | 382.42000550 | 1439.11408696 | 2700 | 7902 | 7635 | 3598 | 4 | 2432 | 1166 | 0.00001028 | 8.11225248 | 0.228839870033 | 0.639816401339 | 0.30662131 | 0.0000852199305170 | -0.00183600000 | 0.30478531000 | 1 | 100 | 2.12201222902 | 3.02273089080 | 1118 | 556 | 1924 | 1118 | 0 | 48 |
| ../../coin-selection-simulation/scenarios/bustabit-2019-2020-tiny.csv | 370.77457156 | 1494.37791667 | 2827 | 8232 | 7950 | 3768 | 4 | 2544 | 1224 | 0.00001028 | 8.11225248 | 0.221717760719 | 0.626970814894 | 0.32343064 | 0.0000858361571125 | -0.00192236000 | 0.32150828000 | 1 | 100 | 2.10987261146 | 2.97768502480 | 1174 | 576 | 2018 | 1174 | 0 | 50 |
| ../../coin-selection-simulation/scenarios/bustabit-2019-2020-tiny.csv | 387.54352985 | 1551.30576000 | 2986 | 8569 | 8244 | 3931 | 4 | 2660 | 1271 | 0.00001028 | 8.11225248 | 0.215229398068 | 0.614443264607 | 0.33663639 | 0.0000856363240906 | -0.00203048000 | 0.33460591000 | 1 | 100 | 2.09717629102 | 2.95051979967 | 1219 | 591 | 2121 | 1219 | 0 | 52 |
| ../../coin-selection-simulation/scenarios/bustabit-2019-2020-tiny.csv | 396.82136790 | 1607.72438462 | 3046 | 8898 | 8606 | 4102 | 4 | 2753 | 1349 | 0.00001028 | 8.11225248 | 0.211524961406 | 0.605748852020 | 0.35203877 | 0.0000858212506095 | -0.00207128000 | 0.34996749000 | 1 | 100 | 2.09800097513 | 2.90844625976 | 1292 | 632 | 2178 | 1292 | 0 | 57 |
| ../../coin-selection-simulation/scenarios/bustabit-2019-2020-tiny.csv | 390.53462715 | 1660.79844444 | 3083 | 9186 | 9007 | 4314 | 4 | 2903 | 1411 | 0.00001014 | 8.11225248 | 0.206061024361 | 0.592804013577 | 0.36794171 | 0.0000852901506722 | -0.00209644000 | 0.36584527000 | 1 | 100 | 2.08785350023 | 2.96105424243 | 1351 | 687 | 2276 | 1351 | 0 | 60 |
| ../../coin-selection-simulation/scenarios/bustabit-2019-2020-tiny.csv | 391.13776699 | 1714.22878571 | 3221 | 9481 | 9307 | 4519 | 4 | 3046 | 1473 | 0.00001014 | 8.11225248 | 0.201256125509 | 0.580978671508 | 0.38962507 | 0.0000862193117946 | -0.00219028000 | 0.38743479000 | 1 | 100 | 2.05952644390 | 2.90475131629 | 1407 | 728 | 2384 | 1407 | 0 | 66 |
| ../../coin-selection-simulation/scenarios/bustabit-2019-2020-tiny.csv | 388.91854093 | 1768.08558621 | 3346 | 9785 | 9627 | 4715 | 4 | 3187 | 1528 | 0.00001014 | 8.11225248 | 0.198839420922 | 0.571781594943 | 0.40461659 | 0.0000858147592789 | -0.00227528000 | 0.40234131000 | 1 | 100 | 2.04178154825 | 2.85503110236 | 1461 | 778 | 2476 | 1461 | 0 | 67 |
| ../../coin-selection-simulation/scenarios/bustabit-2019-2020-tiny.csv | 385.81475922 | 1821.89393333 | 3391 | 10050 | 10029 | 4950 | 4 | 3369 | 1581 | 0.00000937 | 8.11225248 | 0.196765034064 | 0.559537096613 | 0.42025765 | 0.0000849005353535 | -0.00230588000 | 0.41795177000 | 1 | 100 | 2.02606060606 | 2.83012823380 | 1511 | 830 | 2609 | 1511 | 0 | 70 |
----END SIMULATION RESULTS----


