----BEGIN SIMULATION RESULTS----
Scenario: sim_data.csv
| Scenario File | Current Balance | Mean #UTXO | Current #UTXO | #Deposits | #Inputs Spent | #Withdraws | #Uneconomical outputs spent | #Change Created | #Changeless | Min Change Value | Max Change Value | Mean Change Value | Std. Dev. of Change Value | Total Fees | Mean Fees per Withdraw | Cost to Empty | Total Cost | Min Input Size | Max Input Size | Mean Input Size | Std. Dev. of Input Size | BnB Usage | SRD Usage | Knapsack Usage | #BnB no change | #SRD no change | #Knapsack no change |
| sim_data.csv | 0.10000000 | 0 | 1 | 0 | 0 | 0 | 0 | 0 | 0 | 0 | 0 | 0 | 0 | 0 | 0 | -6.80000000E-7 | -6.80000000E-7 | 0 | 0 | 0 | 0 | 0 | 0 | 0 | 0 | 0 | 0 |
| sim_data.csv | 636.12014397 | 51.1520000000 | 101 | 179 | 387 | 321 | 0 | 308 | 13 | 0.00004555 | 201.37638461 | 22.9121659413 | 61.0453647785 | 0.04792169 | 0.000149288753894 | -0.0000686800000 | 0.0478530100000 | 1 | 10 | 1.20560747664 | 0.866800702552 | 13 | 29 | 279 | 13 | 0 | 0 |
| sim_data.csv | 626.47719972 | 110.133000000 | 215 | 341 | 750 | 659 | 0 | 623 | 36 | 0.00002891 | 201.37638461 | 41.5576233877 | 74.2166512767 | 0.08162465 | 0.000123861380880 | -0.000146200000 | 0.081478450000 | 1 | 10 | 1.13808801214 | 0.648160819681 | 36 | 100 | 523 | 36 | 0 | 0 |
| sim_data.csv | 683.25133893 | 150.189333333 | 242 | 511 | 1160 | 989 | 0 | 890 | 99 | 0.00002891 | 216.03000221 | 35.1682404649 | 69.2151732724 | 0.11344014 | 0.000114701860465 | -0.000164560000 | 0.113275580000 | 1 | 10 | 1.17290192113 | 0.659279581272 | 99 | 265 | 625 | 99 | 0 | 0 |
| sim_data.csv | 201.74571789 | 172.692000000 | 250 | 671 | 1602 | 1329 | 0 | 1180 | 149 | 0.00002891 | 249.98748824 | 33.7074476706 | 67.2684424624 | 0.14118352 | 0.000106232896915 | -0.000170000000 | 0.141013520000 | 1 | 10 | 1.20541760722 | 0.672681758273 | 149 | 430 | 750 | 149 | 0 | 0 |
| sim_data.csv | 123.56132725 | 186.002000000 | 232 | 840 | 2062 | 1660 | 0 | 1453 | 207 | 0.00002891 | 249.98748824 | 31.5681841930 | 63.7634628272 | 0.16893562 | 0.000101768445783 | -0.000157760000 | 0.168777860000 | 1 | 10 | 1.24216867470 | 0.707596000073 | 207 | 555 | 898 | 207 | 0 | 0 |
| sim_data.csv | 90.96339677 | 197.457000000 | 274 | 1016 | 2482 | 1984 | 0 | 1739 | 245 | 0.00002891 | 249.98748824 | 27.4214741261 | 59.4775167504 | 0.19282196 | 0.0000971884879032 | -0.000186320000 | 0.192635640000 | 1 | 16 | 1.25100806452 | 0.796170227844 | 245 | 721 | 1018 | 245 | 0 | 0 |
| sim_data.csv | 199.97837881 | 202.128285714 | 124 | 1192 | 3093 | 2308 | 0 | 2024 | 284 | 0.00002891 | 249.98748824 | 24.4608796183 | 55.8927835558 | 0.21640764 | 0.0000937641421144 | -0.0000843200000 | 0.216323320000 | 1 | 102 | 1.34012131716 | 2.45320352346 | 284 | 813 | 1211 | 284 | 0 | 0 |
| sim_data.csv | 158.82875758 | 195.631000000 | 159 | 1360 | 3547 | 2640 | 0 | 2345 | 295 | 0.00002891 | 249.98748824 | 22.1618667809 | 52.5655726692 | 0.23251591 | 0.0000880742083333 | -0.000108120000 | 0.232407790000 | 1 | 102 | 1.34356060606 | 2.61451558626 | 295 | 825 | 1520 | 295 | 0 | 0 |
| sim_data.csv | 8.91080669 | 194.143777778 | 23 | 1526 | 4147 | 2974 | 0 | 2643 | 331 | 0.00002891 | 249.98748824 | 20.3472871463 | 49.8074191072 | 0.24736018 | 0.0000831742367182 | -0.0000156400000 | 0.247344540000 | 1 | 102 | 1.39441829186 | 3.16506043904 | 331 | 833 | 1810 | 331 | 0 | 0 |
| sim_data.csv | 13.03993472 | 181.607200000 | 139 | 1705 | 4525 | 3295 | 0 | 2958 | 337 | 0.00002891 | 249.98748824 | 18.3385638571 | 47.4403090163 | 0.25457778 | 0.0000772618452200 | -0.0000945200000 | 0.254483260000 | 1 | 102 | 1.37329286798 | 3.03925190582 | 337 | 847 | 2111 | 337 | 0 | 0 |
| sim_data.csv | 5.42871231 | 172.990727273 | 14 | 1878 | 5096 | 3622 | 0 | 3231 | 391 | 0.00002891 | 249.98748824 | 16.9336712291 | 45.6285955424 | 0.25963704 | 0.0000716833351739 | -0.00000952000000 | 0.259627520000 | 1 | 102 | 1.40695748205 | 2.97137892254 | 391 | 854 | 2377 | 391 | 0 | 0 |
| sim_data.csv | 5.00409667 | 159.155500000 | 6 | 2074 | 5603 | 3925 | 0 | 3534 | 391 | 0.00002891 | 249.98748824 | 15.5295354124 | 43.8690097861 | 0.26272110 | 0.0000669353121019 | -0.00000408000000 | 0.262717020000 | 1 | 102 | 1.42751592357 | 2.86231037148 | 391 | 882 | 2652 | 391 | 0 | 0 |
| sim_data.csv | 2.89500006 | 148.392307692 | 19 | 2243 | 6085 | 4256 | 0 | 3860 | 396 | 0.00002891 | 249.98748824 | 14.2665342449 | 42.1814751237 | 0.27312988 | 0.0000641752537594 | -0.0000129200000 | 0.273116960000 | 1 | 102 | 1.42974624060 | 2.77156088438 | 396 | 919 | 2941 | 396 | 0 | 0 |
| sim_data.csv | 0.87774765 | 139.486857143 | 9 | 2418 | 6589 | 4581 | 0 | 4179 | 402 | 0.00002891 | 249.98748824 | 13.5306522583 | 40.6608279123 | 0.27738187 | 0.0000605505064396 | -0.00000612000000 | 0.277375750000 | 1 | 102 | 1.43833224187 | 2.72838183477 | 402 | 949 | 3230 | 402 | 0 | 0 |
| sim_data.csv | 282.90886436 | 133.582000000 | 100 | 2572 | 6985 | 4927 | 0 | 4512 | 415 | 0.00002891 | 249.98748824 | 13.0263358687 | 39.5639322914 | 0.32734186 | 0.0000664383722346 | -0.0000680000000 | 0.327273860000 | 1 | 102 | 1.41769839659 | 2.63469375555 | 415 | 1046 | 3466 | 415 | 0 | 0 |
| sim_data.csv | 343.09594947 | 131.786875000 | 138 | 2735 | 7407 | 5264 | 0 | 4809 | 455 | 0.00002891 | 249.98748824 | 13.1999867420 | 38.8605207730 | 0.35612978 | 0.0000676538335866 | -0.0000938400000 | 0.356035940000 | 1 | 102 | 1.40710486322 | 2.57181016777 | 455 | 1112 | 3697 | 455 | 0 | 0 |
| sim_data.csv | 265.71660226 | 130.188941176 | 115 | 2892 | 7865 | 5607 | 0 | 5087 | 520 | 0.00002891 | 256.54571999 | 13.2940004241 | 40.1121924690 | 0.38399312 | 0.0000684845942572 | -0.0000782000000 | 0.383914920000 | 1 | 102 | 1.40271089709 | 2.50111208923 | 520 | 1278 | 3809 | 520 | 0 | 0 |
| sim_data.csv | 19.93570657 | 131.155222222 | 175 | 3064 | 8277 | 5935 | 0 | 5387 | 548 | 0.00002891 | 256.54571999 | 15.7481304048 | 45.4793192678 | 0.40608197 | 0.0000684215619208 | -0.000119000000 | 0.405962970000 | 1 | 102 | 1.39460825611 | 2.43907313669 | 548 | 1369 | 4018 | 548 | 0 | 0 |
| sim_data.csv | 4.28003186 | 128.655368421 | 16 | 3230 | 8874 | 6269 | 0 | 5659 | 610 | 0.00002891 | 256.54571999 | 15.0044353086 | 44.4960786195 | 0.41474475 | 0.0000661580395597 | -0.0000108800000 | 0.414733870000 | 1 | 102 | 1.41553676822 | 2.43565983896 | 610 | 1405 | 4254 | 610 | 0 | 0 |
| sim_data.csv | 39.48081939 | 123.251600000 | 26 | 3404 | 9345 | 6595 | 0 | 5966 | 629 | 0.00001874 | 256.54571999 | 14.3546828230 | 43.4406107854 | 0.42118256 | 0.0000638639211524 | -0.0000176800000 | 0.421164880000 | 1 | 102 | 1.41698256255 | 2.39531497125 | 629 | 1451 | 4515 | 629 | 0 | 0 |
| sim_data.csv | 27.17674209 | 120.793428571 | 126 | 3570 | 9730 | 6929 | 0 | 6285 | 644 | 0.00001874 | 256.54571999 | 14.1843243391 | 42.3545004546 | 0.42709272 | 0.0000616384355607 | -0.0000856800000 | 0.427007040000 | 1 | 102 | 1.40424303651 | 2.34646050749 | 644 | 1461 | 4824 | 644 | 0 | 0 |
| sim_data.csv | 19.55585930 | 121.955181818 | 198 | 3730 | 10132 | 7269 | 0 | 6599 | 670 | 0.00001874 | 256.54571999 | 13.7899857442 | 41.3831156395 | 0.43293645 | 0.0000595592860091 | -0.000134640000 | 0.432801810000 | 1 | 102 | 1.39386435548 | 2.30518804068 | 670 | 1482 | 5117 | 670 | 0 | 0 |
| sim_data.csv | 18.12190716 | 121.228173913 | 27 | 3897 | 10725 | 7602 | 0 | 6854 | 748 | 0.00001874 | 256.54571999 | 13.2895394945 | 40.6858321606 | 0.43974523 | 0.0000578459918443 | -0.0000183600000 | 0.439726870000 | 1 | 102 | 1.41081294396 | 2.28975947305 | 748 | 1516 | 5338 | 748 | 0 | 0 |
| sim_data.csv | 15.53261885 | 118.037544945 | 39 | 4065 | 11150 | 7893 | 0 | 7123 | 770 | 0.00001874 | 256.54571999 | 12.8142199682 | 39.9825477960 | 0.44501565 | 0.0000563810528316 | -0.0000265200000 | 0.444989130000 | 1 | 102 | 1.41264411504 | 2.26704888755 | 770 | 1539 | 5584 | 770 | 0 | 0 |
----END SIMULATION RESULTS----


