----BEGIN SIMULATION RESULTS----
Scenario: ../../coin-selection-simulation/scenarios/bustabit-2019-2020-tiny.csv
| Scenario File | Current Balance | Mean #UTXO | Current #UTXO | #Deposits | #Inputs Spent | #Withdraws | #Uneconomical outputs spent | #Change Created | #Changeless | Min Change Value | Max Change Value | Mean Change Value | Std. Dev. of Change Value | Total Fees | Mean Fees per Withdraw | Cost to Empty | Total Cost | Min Input Size | Max Input Size | Mean Input Size | Std. Dev. of Input Size | BnB Usage | SRD Usage | Knapsack Usage | #BnB no change | #SRD no change | #Knapsack no change |
| ../../coin-selection-simulation/scenarios/bustabit-2019-2020-tiny.csv | 0.10000000 | 0 | 1 | 0 | 0 | 0 | 0 | 0 | 0 | 0 | 0 | 0 | 0 | 0 | 0 | -6.80000000E-7 | -6.80000000E-7 | 0 | 0 | 0 | 0 | 0 | 0 | 0 | 0 | 0 | 0 |
| ../../coin-selection-simulation/scenarios/bustabit-2019-2020-tiny.csv | 0.31886554 | 24.5400000000 | 26 | 267 | 447 | 233 | 1 | 205 | 28 | 0.00005696 | 0.09996498 | 0.0191933232683 | 0.0216596224823 | 0.01407796 | 0.0000604204291845 | -0.0000176800000 | 0.0140602800000 | 1 | 13 | 1.91845493562 | 1.95361142566 | 28 | 46 | 159 | 28 | 0 | 0 |
| ../../coin-selection-simulation/scenarios/bustabit-2019-2020-tiny.csv | 9.11173419 | 57.8290000000 | 155 | 594 | 768 | 406 | 1 | 328 | 78 | 0.00003364 | 1.31998244 | 0.0939487517683 | 0.244967782885 | 0.03165167 | 0.0000779597783251 | -0.000105400000 | 0.031546270000 | 1 | 14 | 1.89162561576 | 2.01183628859 | 78 | 55 | 273 | 78 | 0 | 0 |
| ../../coin-selection-simulation/scenarios/bustabit-2019-2020-tiny.csv | 12.43878082 | 116.900666667 | 330 | 961 | 1049 | 539 | 1 | 417 | 122 | 0.00003364 | 1.31998244 | 0.0963044331894 | 0.229556534855 | 0.04230646 | 0.0000784906493506 | -0.000224400000 | 0.042082060000 | 1 | 15 | 1.94619666048 | 2.14243707561 | 122 | 77 | 340 | 122 | 0 | 0 |
| ../../coin-selection-simulation/scenarios/bustabit-2019-2020-tiny.csv | 25.85459336 | 175.311500000 | 303 | 1318 | 1492 | 682 | 1 | 476 | 206 | 0.00003364 | 1.31998244 | 0.0869759240336 | 0.216531350405 | 0.05361079 | 0.0000786081964809 | -0.000206040000 | 0.053404750000 | 1 | 37 | 2.18768328446 | 2.72907243003 | 206 | 97 | 379 | 206 | 0 | 0 |
| ../../coin-selection-simulation/scenarios/bustabit-2019-2020-tiny.csv | 30.87500971 | 200.842800000 | 347 | 1682 | 1895 | 818 | 1 | 559 | 259 | 0.00003364 | 9.98987108 | 0.404831454902 | 1.63277649439 | 0.06556677 | 0.0000801549755501 | -0.000235960000 | 0.065330810000 | 1 | 59 | 2.31662591687 | 3.75976800235 | 259 | 122 | 437 | 259 | 0 | 0 |
| ../../coin-selection-simulation/scenarios/bustabit-2019-2020-tiny.csv | 31.94501747 | 230.130000000 | 409 | 2010 | 2284 | 990 | 1 | 682 | 308 | 0.00003364 | 9.98987108 | 0.465307237493 | 1.60821393307 | 0.08204534 | 0.0000828740808081 | -0.000278120000 | 0.081767220000 | 1 | 59 | 2.30707070707 | 3.61362584033 | 308 | 154 | 528 | 308 | 0 | 0 |
| ../../coin-selection-simulation/scenarios/bustabit-2019-2020-tiny.csv | 84.82163038 | 270.352857143 | 647 | 2421 | 2509 | 1079 | 1 | 734 | 345 | 0.00003364 | 9.98987108 | 0.451386697234 | 1.55356657770 | 0.09099078 | 0.0000843288044486 | -0.000439960000 | 0.090550820000 | 1 | 59 | 2.32530120482 | 3.51735945153 | 345 | 166 | 568 | 345 | 0 | 0 |
| ../../coin-selection-simulation/scenarios/bustabit-2019-2020-tiny.csv | 162.27139832 | 331.403000000 | 861 | 2827 | 2756 | 1173 | 1 | 789 | 384 | 0.00003364 | 9.98987108 | 0.426701507072 | 1.50175543711 | 0.10089575 | 0.0000860151321398 | -0.000585480000 | 0.100310270000 | 1 | 59 | 2.34953111679 | 3.45975055845 | 384 | 187 | 602 | 384 | 0 | 0 |
| ../../coin-selection-simulation/scenarios/bustabit-2019-2020-tiny.csv | 316.56761375 | 401.614000000 | 1131 | 3232 | 2953 | 1268 | 1 | 851 | 417 | 0.00003364 | 9.98987108 | 0.408919904783 | 1.44915814994 | 0.10865111 | 0.0000856869952681 | -0.000769080000 | 0.107882030000 | 1 | 59 | 2.32886435331 | 3.36984439914 | 417 | 223 | 628 | 417 | 0 | 0 |
| ../../coin-selection-simulation/scenarios/bustabit-2019-2020-tiny.csv | 312.72431221 | 482.803600000 | 1310 | 3588 | 3239 | 1412 | 1 | 960 | 452 | 0.00003364 | 9.98987108 | 0.383359096844 | 1.36932021351 | 0.12260696 | 0.0000868321246459 | -0.000890800000 | 0.121716160000 | 1 | 59 | 2.29390934844 | 3.23331212756 | 452 | 271 | 689 | 452 | 0 | 0 |
| ../../coin-selection-simulation/scenarios/bustabit-2019-2020-tiny.csv | 370.33612958 | 568.087272727 | 1519 | 3962 | 3488 | 1538 | 1 | 1044 | 494 | 0.00003364 | 9.98987108 | 0.363749911092 | 1.31683274594 | 0.13460755 | 0.0000875211638492 | -0.00103292000 | 0.13357463000 | 1 | 59 | 2.26788036411 | 3.13247241053 | 494 | 299 | 745 | 494 | 0 | 0 |
| ../../coin-selection-simulation/scenarios/bustabit-2019-2020-tiny.csv | 369.75836161 | 652.094666667 | 1645 | 4303 | 3799 | 1697 | 1 | 1140 | 557 | 0.00003364 | 9.98987108 | 0.345307556544 | 1.26308890260 | 0.15303412 | 0.0000901792103712 | -0.00111860000 | 0.15191552000 | 1 | 59 | 2.23865645256 | 3.01552040089 | 557 | 350 | 790 | 557 | 0 | 0 |
| ../../coin-selection-simulation/scenarios/bustabit-2019-2020-tiny.csv | 422.07784415 | 731.947076923 | 1764 | 4678 | 4124 | 1822 | 1 | 1209 | 613 | 0.00003364 | 9.98987108 | 0.332130135666 | 1.22862928025 | 0.16538716 | 0.0000907723161361 | -0.00119952000 | 0.16418764000 | 1 | 59 | 2.26344676180 | 3.04727041409 | 613 | 388 | 821 | 613 | 0 | 0 |
| ../../coin-selection-simulation/scenarios/bustabit-2019-2020-tiny.csv | 462.25095582 | 807.476142857 | 1817 | 5022 | 4499 | 1978 | 1 | 1293 | 685 | 0.00003364 | 9.98987108 | 0.342327023132 | 1.26836190212 | 0.17547886 | 0.0000887152982811 | -0.00123556000 | 0.17424330000 | 1 | 59 | 2.27451971689 | 2.99163695171 | 685 | 434 | 859 | 685 | 0 | 0 |
| ../../coin-selection-simulation/scenarios/bustabit-2019-2020-tiny.csv | 448.11255522 | 880.446266667 | 1983 | 5373 | 4782 | 2127 | 1 | 1391 | 736 | 0.00003364 | 9.98987108 | 0.350955975040 | 1.29219303306 | 0.19294357 | 0.0000907115984955 | -0.00134844000 | 0.19159513000 | 1 | 59 | 2.24823695346 | 2.91805058774 | 736 | 493 | 898 | 736 | 0 | 0 |
| ../../coin-selection-simulation/scenarios/bustabit-2019-2020-tiny.csv | 440.08534712 | 949.588000000 | 2029 | 5662 | 5175 | 2338 | 1 | 1541 | 797 | 0.00003364 | 9.98987108 | 0.340751726801 | 1.23476828660 | 0.21037015 | 0.0000899786783576 | -0.00137972000 | 0.20899043000 | 1 | 59 | 2.21343028229 | 2.83118660318 | 797 | 587 | 954 | 797 | 0 | 0 |
| ../../coin-selection-simulation/scenarios/bustabit-2019-2020-tiny.csv | 448.55759558 | 1016.80329412 | 2162 | 5993 | 5505 | 2507 | 1 | 1673 | 834 | 0.00003364 | 9.98987108 | 0.326987948721 | 1.18820514031 | 0.21920439 | 0.0000874369325888 | -0.00147016000 | 0.21773423000 | 1 | 59 | 2.19585161548 | 2.78498115875 | 834 | 651 | 1022 | 834 | 0 | 0 |
| ../../coin-selection-simulation/scenarios/bustabit-2019-2020-tiny.csv | 455.19033547 | 1085.93633333 | 2303 | 6301 | 5812 | 2699 | 1 | 1813 | 886 | 0.00003364 | 9.98987108 | 0.318520578323 | 1.14504123444 | 0.23840398 | 0.0000883304853649 | -0.00156604000 | 0.23683794000 | 1 | 59 | 2.15339014450 | 2.72677853088 | 886 | 740 | 1073 | 886 | 0 | 0 |
| ../../coin-selection-simulation/scenarios/bustabit-2019-2020-tiny.csv | 458.11191734 | 1151.70168421 | 2370 | 6598 | 6190 | 2902 | 1 | 1961 | 941 | 0.00003364 | 9.98987108 | 0.307561638975 | 1.10452204940 | 0.25438625 | 0.0000876589421089 | -0.00161160000 | 0.25277465000 | 1 | 59 | 2.13301171606 | 2.65158550955 | 941 | 816 | 1145 | 941 | 0 | 0 |
| ../../coin-selection-simulation/scenarios/bustabit-2019-2020-tiny.csv | 444.51312957 | 1214.65320000 | 2435 | 6926 | 6577 | 3074 | 1 | 2085 | 989 | 0.00003364 | 9.98987108 | 0.299490156518 | 1.07427596999 | 0.26658512 | 0.0000867225504229 | -0.00165580000 | 0.26492932000 | 1 | 59 | 2.13955757970 | 2.69366262788 | 989 | 887 | 1198 | 989 | 0 | 0 |
| ../../coin-selection-simulation/scenarios/bustabit-2019-2020-tiny.csv | 380.23177663 | 1273.14657143 | 2443 | 7224 | 7008 | 3276 | 1 | 2226 | 1050 | 0.00003364 | 9.98987108 | 0.287568573661 | 1.04203017941 | 0.28789441 | 0.0000878798565324 | -0.00166124000 | 0.28623317000 | 1 | 59 | 2.13919413919 | 2.71532419571 | 1050 | 960 | 1266 | 1050 | 0 | 0 |
| ../../coin-selection-simulation/scenarios/bustabit-2019-2020-tiny.csv | 370.12083121 | 1327.03600000 | 2467 | 7562 | 7417 | 3438 | 1 | 2321 | 1117 | 0.00003364 | 9.98987108 | 0.281076995088 | 1.02184911745 | 0.30082692 | 0.0000875005584642 | -0.00167756000 | 0.29914936000 | 1 | 59 | 2.15735892961 | 2.75958766254 | 1117 | 1005 | 1316 | 1117 | 0 | 0 |
| ../../coin-selection-simulation/scenarios/bustabit-2019-2020-tiny.csv | 382.41412734 | 1378.99234783 | 2592 | 7902 | 7750 | 3598 | 1 | 2439 | 1159 | 0.00003364 | 9.98987108 | 0.274547850180 | 0.998583348396 | 0.31249947 | 0.0000868536603669 | -0.00176256000 | 0.31073691000 | 1 | 59 | 2.15397443024 | 2.76272792737 | 1159 | 1058 | 1381 | 1159 | 0 | 0 |
| ../../coin-selection-simulation/scenarios/bustabit-2019-2020-tiny.csv | 370.76838759 | 1432.59233333 | 2730 | 8232 | 8068 | 3768 | 1 | 2565 | 1203 | 0.00003364 | 9.98987108 | 0.268919124425 | 0.975451726283 | 0.32961461 | 0.0000874773381104 | -0.00185640000 | 0.32775821000 | 1 | 59 | 2.14118895966 | 2.72346807052 | 1203 | 1116 | 1449 | 1203 | 0 | 0 |
| ../../coin-selection-simulation/scenarios/bustabit-2019-2020-tiny.csv | 387.53697691 | 1487.83688000 | 2885 | 8569 | 8356 | 3931 | 1 | 2671 | 1260 | 0.00003364 | 9.98987108 | 0.262850935680 | 0.957210243596 | 0.34318933 | 0.0000873033146782 | -0.00196180000 | 0.34122753000 | 1 | 59 | 2.12566776902 | 2.72010328170 | 1260 | 1170 | 1501 | 1260 | 0 | 0 |
| ../../coin-selection-simulation/scenarios/bustabit-2019-2020-tiny.csv | 396.81548244 | 1543.62638462 | 2987 | 8898 | 8691 | 4102 | 1 | 2779 | 1323 | 0.00003364 | 9.98987108 | 0.258836076484 | 0.939783098534 | 0.35792423 | 0.0000872560287665 | -0.00203116000 | 0.35589307000 | 1 | 59 | 2.11872257435 | 2.68009824991 | 1323 | 1233 | 1546 | 1323 | 0 | 0 |
| ../../coin-selection-simulation/scenarios/bustabit-2019-2020-tiny.csv | 390.52900238 | 1597.30496296 | 3049 | 9186 | 9064 | 4314 | 1 | 2926 | 1388 | 0.00003364 | 9.98987108 | 0.253175637690 | 0.917811064514 | 0.37356648 | 0.0000865939916551 | -0.00207332000 | 0.37149316000 | 1 | 59 | 2.10106629578 | 2.69416140989 | 1388 | 1314 | 1612 | 1388 | 0 | 0 |
| ../../coin-selection-simulation/scenarios/bustabit-2019-2020-tiny.csv | 391.13179042 | 1651.48335714 | 3186 | 9481 | 9375 | 4519 | 1 | 3079 | 1440 | 0.00003364 | 9.98987108 | 0.247902507567 | 0.896492612443 | 0.39560164 | 0.0000875418543926 | -0.00216648000 | 0.39343516000 | 1 | 59 | 2.07457402080 | 2.64582946921 | 1440 | 1397 | 1682 | 1440 | 0 | 0 |
| ../../coin-selection-simulation/scenarios/bustabit-2019-2020-tiny.csv | 388.91184505 | 1706.22696552 | 3306 | 9785 | 9706 | 4715 | 1 | 3226 | 1489 | 0.00003364 | 9.98987108 | 0.244003076255 | 0.877969837658 | 0.41131247 | 0.0000872348822906 | -0.00224808000 | 0.40906439000 | 1 | 59 | 2.05853658537 | 2.59947793062 | 1489 | 1468 | 1758 | 1489 | 0 | 0 |
| ../../coin-selection-simulation/scenarios/bustabit-2019-2020-tiny.csv | 385.80758292 | 1759.90400000 | 3322 | 10050 | 10116 | 4950 | 1 | 3387 | 1563 | 0.00003364 | 9.98987108 | 0.238735320685 | 0.858797174471 | 0.42743395 | 0.0000863502929293 | -0.00225896000 | 0.42517499000 | 1 | 59 | 2.04363636364 | 2.55876871600 | 1563 | 1549 | 1838 | 1563 | 0 | 0 |
----END SIMULATION RESULTS----


