----BEGIN SIMULATION RESULTS----
Scenario: ../../coin-selection-simulation/scenarios/bustabit-2019-2020-tiny.csv
| Scenario File | Current Balance | Mean #UTXO | Current #UTXO | #Deposits | #Inputs Spent | #Withdraws | #Uneconomical outputs spent | #Change Created | #Changeless | Min Change Value | Max Change Value | Mean Change Value | Std. Dev. of Change Value | Total Fees | Mean Fees per Withdraw | Cost to Empty | Total Cost | Min Input Size | Max Input Size | Mean Input Size | Std. Dev. of Input Size | BnB Usage | SRD Usage | Knapsack Usage | #BnB no change | #SRD no change | #Knapsack no change |
| ../../coin-selection-simulation/scenarios/bustabit-2019-2020-tiny.csv | 0.10000000 | 0 | 1 | 0 | 0 | 0 | 0 | 0 | 0 | 0 | 0 | 0 | 0 | 0 | 0 | -6.80000000E-7 | -6.80000000E-7 | 0 | 0 | 0 | 0 | 0 | 0 | 0 | 0 | 0 | 0 |
| ../../coin-selection-simulation/scenarios/bustabit-2019-2020-tiny.csv | 0.31876748 | 25.2080000000 | 25 | 267 | 447 | 233 | 2 | 204 | 29 | 0.00015372 | 0.09318971 | 0.0186655123039 | 0.0211799556208 | 0.01417602 | 0.0000608412875536 | -0.0000170000000 | 0.0141590200000 | 1 | 13 | 1.91845493562 | 1.82351810853 | 29 | 41 | 163 | 29 | 0 | 0 |
| ../../coin-selection-simulation/scenarios/bustabit-2019-2020-tiny.csv | 9.11227612 | 69.3780000000 | 202 | 594 | 728 | 406 | 2 | 335 | 71 | 0.00015372 | 1.31998244 | 0.136501573224 | 0.258256983692 | 0.03110974 | 0.0000766249753695 | -0.000137360000 | 0.030972380000 | 1 | 16 | 1.79310344828 | 1.81122746024 | 71 | 47 | 288 | 71 | 0 | 0 |
| ../../coin-selection-simulation/scenarios/bustabit-2019-2020-tiny.csv | 12.43892070 | 138.116000000 | 365 | 961 | 1014 | 539 | 2 | 417 | 122 | 0.00006247 | 1.31998244 | 0.173139634556 | 0.281584713026 | 0.04216658 | 0.0000782311317254 | -0.000248200000 | 0.041918380000 | 1 | 16 | 1.88126159555 | 1.97116798831 | 122 | 58 | 359 | 122 | 0 | 0 |
| ../../coin-selection-simulation/scenarios/bustabit-2019-2020-tiny.csv | 25.85546716 | 209.208000000 | 415 | 1318 | 1380 | 682 | 2 | 476 | 206 | 0.00006247 | 1.31998244 | 0.155596444790 | 0.268648753905 | 0.05273699 | 0.0000773269648094 | -0.000282200000 | 0.052454790000 | 1 | 16 | 2.02346041056 | 2.04056678999 | 206 | 80 | 396 | 206 | 0 | 0 |
| ../../coin-selection-simulation/scenarios/bustabit-2019-2020-tiny.csv | 30.87561311 | 251.996800000 | 454 | 1682 | 1789 | 818 | 2 | 560 | 258 | 0.00006247 | 9.72846042 | 0.419468570411 | 1.58287068652 | 0.06496337 | 0.0000794173227384 | -0.000308720000 | 0.064654650000 | 1 | 83 | 2.18704156479 | 3.75152072643 | 258 | 118 | 442 | 258 | 0 | 0 |
| ../../coin-selection-simulation/scenarios/bustabit-2019-2020-tiny.csv | 31.94583862 | 285.487666667 | 478 | 2010 | 2207 | 990 | 2 | 674 | 316 | 0.00006247 | 9.72846042 | 0.526440612329 | 1.77784959190 | 0.08122419 | 0.0000820446363636 | -0.000325040000 | 0.080899150000 | 1 | 83 | 2.22929292929 | 3.72770765390 | 316 | 157 | 517 | 316 | 0 | 0 |
| ../../coin-selection-simulation/scenarios/bustabit-2019-2020-tiny.csv | 84.82098101 | 323.783142857 | 679 | 2421 | 2460 | 1079 | 2 | 717 | 362 | 0.00006247 | 9.72846042 | 0.502274972483 | 1.72733558816 | 0.09164015 | 0.0000849306302132 | -0.000461720000 | 0.091178430000 | 1 | 83 | 2.27988878591 | 3.67757502413 | 362 | 177 | 540 | 362 | 0 | 0 |
| ../../coin-selection-simulation/scenarios/bustabit-2019-2020-tiny.csv | 162.27078701 | 382.334250000 | 881 | 2827 | 2703 | 1173 | 2 | 756 | 417 | 0.00006247 | 9.72846042 | 0.480079953003 | 1.68516658828 | 0.10150706 | 0.0000865362830350 | -0.000599080000 | 0.100907980000 | 1 | 83 | 2.30434782609 | 3.56609314649 | 417 | 191 | 565 | 417 | 0 | 0 |
| ../../coin-selection-simulation/scenarios/bustabit-2019-2020-tiny.csv | 316.56684749 | 447.696666667 | 1142 | 3232 | 2909 | 1268 | 2 | 818 | 450 | 0.00006247 | 9.72846042 | 0.456887929303 | 1.62391039550 | 0.10941737 | 0.0000862913012618 | -0.000776560000 | 0.108640810000 | 1 | 83 | 2.29416403785 | 3.48514457183 | 450 | 219 | 599 | 450 | 0 | 0 |
| ../../coin-selection-simulation/scenarios/bustabit-2019-2020-tiny.csv | 312.72386261 | 526.341800000 | 1338 | 3588 | 3183 | 1412 | 2 | 932 | 480 | 0.00006247 | 9.72846042 | 0.429287899152 | 1.52687911011 | 0.12305656 | 0.0000871505382436 | -0.000909840000 | 0.122146720000 | 1 | 83 | 2.25424929178 | 3.34330566567 | 480 | 254 | 678 | 480 | 0 | 0 |
| ../../coin-selection-simulation/scenarios/bustabit-2019-2020-tiny.csv | 370.33541096 | 609.190000000 | 1505 | 3962 | 3462 | 1538 | 2 | 1004 | 534 | 0.00006247 | 9.72846042 | 0.411046227221 | 1.47440601108 | 0.13532617 | 0.0000879884070221 | -0.00102340000 | 0.13430277000 | 1 | 83 | 2.25097529259 | 3.24885481421 | 534 | 282 | 722 | 534 | 0 | 0 |
| ../../coin-selection-simulation/scenarios/bustabit-2019-2020-tiny.csv | 369.75804026 | 689.055000000 | 1632 | 4303 | 3769 | 1697 | 2 | 1097 | 600 | 0.00006247 | 9.72846042 | 0.403643992908 | 1.43043333422 | 0.15335547 | 0.0000903685739540 | -0.00110976000 | 0.15224571000 | 1 | 83 | 2.22097819682 | 3.12024479493 | 600 | 341 | 756 | 600 | 0 | 0 |
| ../../coin-selection-simulation/scenarios/bustabit-2019-2020-tiny.csv | 422.07861428 | 767.619076923 | 1817 | 4678 | 4047 | 1822 | 2 | 1185 | 637 | 0.00006247 | 9.72846042 | 0.407305944371 | 1.40568908040 | 0.16461703 | 0.0000903496322722 | -0.00123556000 | 0.16338147000 | 1 | 83 | 2.22118551043 | 3.09982747738 | 637 | 362 | 823 | 637 | 0 | 0 |
| ../../coin-selection-simulation/scenarios/bustabit-2019-2020-tiny.csv | 462.25190358 | 845.540142857 | 1898 | 5022 | 4408 | 1978 | 2 | 1283 | 695 | 0.00006247 | 9.72846042 | 0.390625117973 | 1.35469677432 | 0.17453110 | 0.0000882361476239 | -0.00129064000 | 0.17324046000 | 1 | 83 | 2.22851365015 | 3.03767540090 | 695 | 404 | 879 | 695 | 0 | 0 |
| ../../coin-selection-simulation/scenarios/bustabit-2019-2020-tiny.csv | 448.11292560 | 921.296266667 | 2059 | 5373 | 4688 | 2127 | 2 | 1373 | 754 | 0.00006247 | 9.72846042 | 0.377558569199 | 1.31253210745 | 0.19257319 | 0.0000905374659144 | -0.00140012000 | 0.19117307000 | 1 | 83 | 2.20404325341 | 2.95859203090 | 754 | 447 | 926 | 754 | 0 | 0 |
| ../../coin-selection-simulation/scenarios/bustabit-2019-2020-tiny.csv | 440.08494107 | 991.279000000 | 2069 | 5662 | 5114 | 2338 | 2 | 1520 | 818 | 0.00006247 | 9.72846042 | 0.362953303388 | 1.25232594217 | 0.21077620 | 0.0000901523524380 | -0.00140692000 | 0.20936928000 | 1 | 83 | 2.18733960650 | 2.88251967261 | 818 | 532 | 988 | 818 | 0 | 0 |
| ../../coin-selection-simulation/scenarios/bustabit-2019-2020-tiny.csv | 448.55699478 | 1057.74611765 | 2188 | 5993 | 5455 | 2507 | 2 | 1649 | 858 | 0.00006247 | 9.72846042 | 0.350226194081 | 1.20598485728 | 0.21980519 | 0.0000876765815716 | -0.00148784000 | 0.21831735000 | 1 | 83 | 2.17590745911 | 2.83120683932 | 858 | 585 | 1064 | 858 | 0 | 0 |
| ../../coin-selection-simulation/scenarios/bustabit-2019-2020-tiny.csv | 455.18932586 | 1125.10255556 | 2319 | 6301 | 5760 | 2699 | 2 | 1777 | 922 | 0.00006247 | 9.72846042 | 0.342486493371 | 1.16492530173 | 0.23941359 | 0.0000887045535383 | -0.00157692000 | 0.23783667000 | 1 | 83 | 2.13412374954 | 2.75497038542 | 922 | 666 | 1111 | 922 | 0 | 0 |
| ../../coin-selection-simulation/scenarios/bustabit-2019-2020-tiny.csv | 458.11066202 | 1189.28768421 | 2380 | 6598 | 6144 | 2902 | 2 | 1925 | 977 | 0.00006247 | 9.72846042 | 0.328308368821 | 1.12270398396 | 0.25564157 | 0.0000880915127498 | -0.00161840000 | 0.25402317000 | 1 | 83 | 2.11716057891 | 2.68347204203 | 977 | 743 | 1182 | 977 | 0 | 0 |
| ../../coin-selection-simulation/scenarios/bustabit-2019-2020-tiny.csv | 444.51190591 | 1250.11020000 | 2418 | 6926 | 6562 | 3074 | 2 | 2053 | 1021 | 0.00006247 | 9.72846042 | 0.324250715358 | 1.09037566537 | 0.26780878 | 0.0000871206180872 | -0.00164424000 | 0.26616454000 | 1 | 83 | 2.13467794405 | 2.77454395400 | 1021 | 821 | 1232 | 1021 | 0 | 0 |
| ../../coin-selection-simulation/scenarios/bustabit-2019-2020-tiny.csv | 380.23054792 | 1306.54314286 | 2450 | 7224 | 6979 | 3276 | 2 | 2204 | 1072 | 0.00006247 | 9.72846042 | 0.310431151842 | 1.05522001682 | 0.28912312 | 0.0000882549206349 | -0.00166600000 | 0.28745712000 | 1 | 83 | 2.13034188034 | 2.79286681447 | 1072 | 888 | 1316 | 1072 | 0 | 0 |
| ../../coin-selection-simulation/scenarios/bustabit-2019-2020-tiny.csv | 370.11993908 | 1359.37245455 | 2524 | 7562 | 7352 | 3438 | 2 | 2313 | 1125 | 0.00006247 | 9.72846042 | 0.302346523584 | 1.03182534808 | 0.30171905 | 0.0000877600494474 | -0.00171632000 | 0.30000273000 | 1 | 83 | 2.13845258871 | 2.79375923284 | 1125 | 938 | 1375 | 1125 | 0 | 0 |
| ../../coin-selection-simulation/scenarios/bustabit-2019-2020-tiny.csv | 382.41355081 | 1412.86634783 | 2660 | 7902 | 7670 | 3598 | 2 | 2427 | 1171 | 0.00006247 | 9.72846042 | 0.295488103717 | 1.00891659054 | 0.31307600 | 0.0000870138966092 | -0.00180880000 | 0.31126720000 | 1 | 83 | 2.13173985548 | 2.76568769798 | 1171 | 995 | 1432 | 1171 | 0 | 0 |
| ../../coin-selection-simulation/scenarios/bustabit-2019-2020-tiny.csv | 370.76849555 | 1468.00983333 | 2799 | 8232 | 7982 | 3768 | 2 | 2548 | 1220 | 0.00006247 | 9.72846042 | 0.289575379403 | 0.986436764818 | 0.32950665 | 0.0000874486863057 | -0.00190332000 | 0.32760333000 | 1 | 83 | 2.11836518047 | 2.72416596489 | 1220 | 1062 | 1486 | 1220 | 0 | 0 |
| ../../coin-selection-simulation/scenarios/bustabit-2019-2020-tiny.csv | 387.53663927 | 1524.42088000 | 2948 | 8569 | 8275 | 3931 | 2 | 2653 | 1278 | 0.00006247 | 9.72846042 | 0.282162937708 | 0.967974822696 | 0.34352697 | 0.0000873892063088 | -0.00200464000 | 0.34152233000 | 1 | 83 | 2.10506232511 | 2.69376857295 | 1278 | 1115 | 1538 | 1278 | 0 | 0 |
| ../../coin-selection-simulation/scenarios/bustabit-2019-2020-tiny.csv | 396.81532010 | 1581.61346154 | 3055 | 8898 | 8610 | 4102 | 2 | 2766 | 1336 | 0.00006247 | 9.72846042 | 0.277254710915 | 0.949728087198 | 0.35808657 | 0.0000872956045831 | -0.00207740000 | 0.35600917000 | 1 | 83 | 2.09897610922 | 2.66095228840 | 1336 | 1180 | 1586 | 1336 | 0 | 0 |
| ../../coin-selection-simulation/scenarios/bustabit-2019-2020-tiny.csv | 390.52859436 | 1636.19977778 | 3110 | 9186 | 8987 | 4314 | 2 | 2910 | 1404 | 0.00006247 | 9.72846042 | 0.271922319856 | 0.928132584364 | 0.37397450 | 0.0000866885720909 | -0.00211480000 | 0.37185970000 | 1 | 83 | 2.08321743162 | 2.67685916558 | 1404 | 1248 | 1662 | 1404 | 0 | 0 |
| ../../coin-selection-simulation/scenarios/bustabit-2019-2020-tiny.csv | 391.13205288 | 1691.43728571 | 3268 | 9481 | 9273 | 4519 | 2 | 3059 | 1460 | 0.00006247 | 9.72846042 | 0.267425432504 | 0.907319383961 | 0.39533918 | 0.0000874837751715 | -0.00222224000 | 0.39311694000 | 1 | 83 | 2.05200265545 | 2.62579819336 | 1460 | 1336 | 1723 | 1460 | 0 | 0 |
| ../../coin-selection-simulation/scenarios/bustabit-2019-2020-tiny.csv | 388.91262153 | 1747.77365517 | 3400 | 9785 | 9586 | 4715 | 2 | 3200 | 1515 | 0.00006247 | 9.72846042 | 0.261445211747 | 0.889016519284 | 0.41053599 | 0.0000870701993637 | -0.00231200000 | 0.40822399000 | 1 | 83 | 2.03308589608 | 2.58010561266 | 1515 | 1410 | 1790 | 1515 | 0 | 0 |
| ../../coin-selection-simulation/scenarios/bustabit-2019-2020-tiny.csv | 385.80798753 | 1802.70593333 | 3389 | 10050 | 10024 | 4950 | 2 | 3362 | 1588 | 0.00006247 | 9.72846042 | 0.255498178980 | 0.869174035177 | 0.42702934 | 0.0000862685535354 | -0.00230452000 | 0.42472482000 | 1 | 83 | 2.02505050505 | 2.60122970661 | 1588 | 1494 | 1868 | 1588 | 0 | 0 |
----END SIMULATION RESULTS----


